/*--------------------------------*- C++ -*----------------------------------*\
| =========                 |                                                 |
| \\      /  F ield         | OpenFOAM: The Open Source CFD Toolbox           |
|  \\    /   O peration     | Version:  2.4.x                                 |
|   \\  /    A nd           | Web:      www.OpenFOAM.org                      |
|    \\/     M anipulation  |                                                 |
\*---------------------------------------------------------------------------*/
FoamFile
{
    version     2.0;
    format      ascii;
    class       vectorField;
    location    "constant/polyMesh";
    object      points;
}
// * * * * * * * * * * * * * * * * * * * * * * * * * * * * * * * * * * * * * //


4008
(
(-0.05005 0 0)
(-0.04995 0 0)
(-0.04985 0 0)
(-0.04975 0 0)
(-0.04965 0 0)
(-0.04955 0 0)
(-0.04945 0 0)
(-0.04935 0 0)
(-0.04925 0 0)
(-0.04915 0 0)
(-0.04905 0 0)
(-0.04895 0 0)
(-0.04885 0 0)
(-0.04875 0 0)
(-0.04865 0 0)
(-0.04855 0 0)
(-0.04845 0 0)
(-0.04835 0 0)
(-0.04825 0 0)
(-0.04815 0 0)
(-0.04805 0 0)
(-0.04795 0 0)
(-0.04785 0 0)
(-0.04775 0 0)
(-0.04765 0 0)
(-0.04755 0 0)
(-0.04745 0 0)
(-0.04735 0 0)
(-0.04725 0 0)
(-0.04715 0 0)
(-0.04705 0 0)
(-0.04695 0 0)
(-0.04685 0 0)
(-0.04675 0 0)
(-0.04665 0 0)
(-0.04655 0 0)
(-0.04645 0 0)
(-0.04635 0 0)
(-0.04625 0 0)
(-0.04615 0 0)
(-0.04605 0 0)
(-0.04595 0 0)
(-0.04585 0 0)
(-0.04575 0 0)
(-0.04565 0 0)
(-0.04555 0 0)
(-0.04545 0 0)
(-0.04535 0 0)
(-0.04525 0 0)
(-0.04515 0 0)
(-0.04505 0 0)
(-0.04495 0 0)
(-0.04485 0 0)
(-0.04475 0 0)
(-0.04465 0 0)
(-0.04455 0 0)
(-0.04445 0 0)
(-0.04435 0 0)
(-0.04425 0 0)
(-0.04415 0 0)
(-0.04405 0 0)
(-0.04395 0 0)
(-0.04385 0 0)
(-0.04375 0 0)
(-0.04365 0 0)
(-0.04355 0 0)
(-0.04345 0 0)
(-0.04335 0 0)
(-0.04325 0 0)
(-0.04315 0 0)
(-0.04305 0 0)
(-0.04295 0 0)
(-0.04285 0 0)
(-0.04275 0 0)
(-0.04265 0 0)
(-0.04255 0 0)
(-0.04245 0 0)
(-0.04235 0 0)
(-0.04225 0 0)
(-0.04215 0 0)
(-0.04205 0 0)
(-0.04195 0 0)
(-0.04185 0 0)
(-0.04175 0 0)
(-0.04165 0 0)
(-0.04155 0 0)
(-0.04145 0 0)
(-0.04135 0 0)
(-0.04125 0 0)
(-0.04115 0 0)
(-0.04105 0 0)
(-0.04095 0 0)
(-0.04085 0 0)
(-0.04075 0 0)
(-0.04065 0 0)
(-0.04055 0 0)
(-0.04045 0 0)
(-0.04035 0 0)
(-0.04025 0 0)
(-0.04015 0 0)
(-0.04005 0 0)
(-0.03995 0 0)
(-0.03985 0 0)
(-0.03975 0 0)
(-0.03965 0 0)
(-0.03955 0 0)
(-0.03945 0 0)
(-0.03935 0 0)
(-0.03925 0 0)
(-0.03915 0 0)
(-0.03905 0 0)
(-0.03895 0 0)
(-0.03885 0 0)
(-0.03875 0 0)
(-0.03865 0 0)
(-0.03855 0 0)
(-0.03845 0 0)
(-0.03835 0 0)
(-0.03825 0 0)
(-0.03815 0 0)
(-0.03805 0 0)
(-0.03795 0 0)
(-0.03785 0 0)
(-0.03775 0 0)
(-0.03765 0 0)
(-0.03755 0 0)
(-0.03745 0 0)
(-0.03735 0 0)
(-0.03725 0 0)
(-0.03715 0 0)
(-0.03705 0 0)
(-0.03695 0 0)
(-0.03685 0 0)
(-0.03675 0 0)
(-0.03665 0 0)
(-0.03655 0 0)
(-0.03645 0 0)
(-0.03635 0 0)
(-0.03625 0 0)
(-0.03615 0 0)
(-0.03605 0 0)
(-0.03595 0 0)
(-0.03585 0 0)
(-0.03575 0 0)
(-0.03565 0 0)
(-0.03555 0 0)
(-0.03545 0 0)
(-0.03535 0 0)
(-0.03525 0 0)
(-0.03515 0 0)
(-0.03505 0 0)
(-0.03495 0 0)
(-0.03485 0 0)
(-0.03475 0 0)
(-0.03465 0 0)
(-0.03455 0 0)
(-0.03445 0 0)
(-0.03435 0 0)
(-0.03425 0 0)
(-0.03415 0 0)
(-0.03405 0 0)
(-0.03395 0 0)
(-0.03385 0 0)
(-0.03375 0 0)
(-0.03365 0 0)
(-0.03355 0 0)
(-0.03345 0 0)
(-0.03335 0 0)
(-0.03325 0 0)
(-0.03315 0 0)
(-0.03305 0 0)
(-0.03295 0 0)
(-0.03285 0 0)
(-0.03275 0 0)
(-0.03265 0 0)
(-0.03255 0 0)
(-0.03245 0 0)
(-0.03235 0 0)
(-0.03225 0 0)
(-0.03215 0 0)
(-0.03205 0 0)
(-0.03195 0 0)
(-0.03185 0 0)
(-0.03175 0 0)
(-0.03165 0 0)
(-0.03155 0 0)
(-0.03145 0 0)
(-0.03135 0 0)
(-0.03125 0 0)
(-0.03115 0 0)
(-0.03105 0 0)
(-0.03095 0 0)
(-0.03085 0 0)
(-0.03075 0 0)
(-0.03065 0 0)
(-0.03055 0 0)
(-0.03045 0 0)
(-0.03035 0 0)
(-0.03025 0 0)
(-0.03015 0 0)
(-0.03005 0 0)
(-0.02995 0 0)
(-0.02985 0 0)
(-0.02975 0 0)
(-0.02965 0 0)
(-0.02955 0 0)
(-0.02945 0 0)
(-0.02935 0 0)
(-0.02925 0 0)
(-0.02915 0 0)
(-0.02905 0 0)
(-0.02895 0 0)
(-0.02885 0 0)
(-0.02875 0 0)
(-0.02865 0 0)
(-0.02855 0 0)
(-0.02845 0 0)
(-0.02835 0 0)
(-0.02825 0 0)
(-0.02815 0 0)
(-0.02805 0 0)
(-0.02795 0 0)
(-0.02785 0 0)
(-0.02775 0 0)
(-0.02765 0 0)
(-0.02755 0 0)
(-0.02745 0 0)
(-0.02735 0 0)
(-0.02725 0 0)
(-0.02715 0 0)
(-0.02705 0 0)
(-0.02695 0 0)
(-0.02685 0 0)
(-0.02675 0 0)
(-0.02665 0 0)
(-0.02655 0 0)
(-0.02645 0 0)
(-0.02635 0 0)
(-0.02625 0 0)
(-0.02615 0 0)
(-0.02605 0 0)
(-0.02595 0 0)
(-0.02585 0 0)
(-0.02575 0 0)
(-0.02565 0 0)
(-0.02555 0 0)
(-0.02545 0 0)
(-0.02535 0 0)
(-0.02525 0 0)
(-0.02515 0 0)
(-0.02505 0 0)
(-0.02495 0 0)
(-0.02485 0 0)
(-0.02475 0 0)
(-0.02465 0 0)
(-0.02455 0 0)
(-0.02445 0 0)
(-0.02435 0 0)
(-0.02425 0 0)
(-0.02415 0 0)
(-0.02405 0 0)
(-0.02395 0 0)
(-0.02385 0 0)
(-0.02375 0 0)
(-0.02365 0 0)
(-0.02355 0 0)
(-0.02345 0 0)
(-0.02335 0 0)
(-0.02325 0 0)
(-0.02315 0 0)
(-0.02305 0 0)
(-0.02295 0 0)
(-0.02285 0 0)
(-0.02275 0 0)
(-0.02265 0 0)
(-0.02255 0 0)
(-0.02245 0 0)
(-0.02235 0 0)
(-0.02225 0 0)
(-0.02215 0 0)
(-0.02205 0 0)
(-0.02195 0 0)
(-0.02185 0 0)
(-0.02175 0 0)
(-0.02165 0 0)
(-0.02155 0 0)
(-0.02145 0 0)
(-0.02135 0 0)
(-0.02125 0 0)
(-0.02115 0 0)
(-0.02105 0 0)
(-0.02095 0 0)
(-0.02085 0 0)
(-0.02075 0 0)
(-0.02065 0 0)
(-0.02055 0 0)
(-0.02045 0 0)
(-0.02035 0 0)
(-0.02025 0 0)
(-0.02015 0 0)
(-0.02005 0 0)
(-0.01995 0 0)
(-0.01985 0 0)
(-0.01975 0 0)
(-0.01965 0 0)
(-0.01955 0 0)
(-0.01945 0 0)
(-0.01935 0 0)
(-0.01925 0 0)
(-0.01915 0 0)
(-0.01905 0 0)
(-0.01895 0 0)
(-0.01885 0 0)
(-0.01875 0 0)
(-0.01865 0 0)
(-0.01855 0 0)
(-0.01845 0 0)
(-0.01835 0 0)
(-0.01825 0 0)
(-0.01815 0 0)
(-0.01805 0 0)
(-0.01795 0 0)
(-0.01785 0 0)
(-0.01775 0 0)
(-0.01765 0 0)
(-0.01755 0 0)
(-0.01745 0 0)
(-0.01735 0 0)
(-0.01725 0 0)
(-0.01715 0 0)
(-0.01705 0 0)
(-0.01695 0 0)
(-0.01685 0 0)
(-0.01675 0 0)
(-0.01665 0 0)
(-0.01655 0 0)
(-0.01645 0 0)
(-0.01635 0 0)
(-0.01625 0 0)
(-0.01615 0 0)
(-0.01605 0 0)
(-0.01595 0 0)
(-0.01585 0 0)
(-0.01575 0 0)
(-0.01565 0 0)
(-0.01555 0 0)
(-0.01545 0 0)
(-0.01535 0 0)
(-0.01525 0 0)
(-0.01515 0 0)
(-0.01505 0 0)
(-0.01495 0 0)
(-0.01485 0 0)
(-0.01475 0 0)
(-0.01465 0 0)
(-0.01455 0 0)
(-0.01445 0 0)
(-0.01435 0 0)
(-0.01425 0 0)
(-0.01415 0 0)
(-0.01405 0 0)
(-0.01395 0 0)
(-0.01385 0 0)
(-0.01375 0 0)
(-0.01365 0 0)
(-0.01355 0 0)
(-0.01345 0 0)
(-0.01335 0 0)
(-0.01325 0 0)
(-0.01315 0 0)
(-0.01305 0 0)
(-0.01295 0 0)
(-0.01285 0 0)
(-0.01275 0 0)
(-0.01265 0 0)
(-0.01255 0 0)
(-0.01245 0 0)
(-0.01235 0 0)
(-0.01225 0 0)
(-0.01215 0 0)
(-0.01205 0 0)
(-0.01195 0 0)
(-0.01185 0 0)
(-0.01175 0 0)
(-0.01165 0 0)
(-0.01155 0 0)
(-0.01145 0 0)
(-0.01135 0 0)
(-0.01125 0 0)
(-0.01115 0 0)
(-0.01105 0 0)
(-0.01095 0 0)
(-0.01085 0 0)
(-0.01075 0 0)
(-0.01065 0 0)
(-0.01055 0 0)
(-0.01045 0 0)
(-0.01035 0 0)
(-0.01025 0 0)
(-0.01015 0 0)
(-0.01005 0 0)
(-0.00995 0 0)
(-0.00985 0 0)
(-0.00975 0 0)
(-0.00965 0 0)
(-0.00955 0 0)
(-0.00945 0 0)
(-0.00935 0 0)
(-0.00925 0 0)
(-0.00915 0 0)
(-0.00905 0 0)
(-0.00895 0 0)
(-0.00885 0 0)
(-0.00875 0 0)
(-0.00865 0 0)
(-0.00855 0 0)
(-0.00845 0 0)
(-0.00835 0 0)
(-0.00825 0 0)
(-0.00815 0 0)
(-0.00805 0 0)
(-0.00795 0 0)
(-0.00785 0 0)
(-0.00775 0 0)
(-0.00765 0 0)
(-0.00755 0 0)
(-0.00745 0 0)
(-0.00735 0 0)
(-0.00725 0 0)
(-0.00715 0 0)
(-0.00705 0 0)
(-0.00695 0 0)
(-0.00685 0 0)
(-0.00675 0 0)
(-0.00665 0 0)
(-0.00655 0 0)
(-0.00645 0 0)
(-0.00635 0 0)
(-0.00625 0 0)
(-0.00615 0 0)
(-0.00605 0 0)
(-0.00595 0 0)
(-0.00585 0 0)
(-0.00575 0 0)
(-0.00565 0 0)
(-0.00555 0 0)
(-0.00545 0 0)
(-0.00535 0 0)
(-0.00525 0 0)
(-0.00515 0 0)
(-0.00505 0 0)
(-0.00495 0 0)
(-0.00485 0 0)
(-0.00475 0 0)
(-0.00465 0 0)
(-0.00455 0 0)
(-0.00445 0 0)
(-0.00435 0 0)
(-0.00425 0 0)
(-0.00415 0 0)
(-0.00405 0 0)
(-0.00395 0 0)
(-0.00385 0 0)
(-0.00375 0 0)
(-0.00365 0 0)
(-0.00355 0 0)
(-0.00345 0 0)
(-0.00335 0 0)
(-0.00325 0 0)
(-0.00315 0 0)
(-0.00305 0 0)
(-0.00295 0 0)
(-0.00285 0 0)
(-0.00275 0 0)
(-0.00265 0 0)
(-0.00255 0 0)
(-0.00245 0 0)
(-0.00235 0 0)
(-0.00225 0 0)
(-0.00215 0 0)
(-0.00205 0 0)
(-0.00195 0 0)
(-0.00185 0 0)
(-0.00175 0 0)
(-0.00165 0 0)
(-0.00155 0 0)
(-0.00145 0 0)
(-0.00135 0 0)
(-0.00125 0 0)
(-0.00115 0 0)
(-0.00105 0 0)
(-0.00095 0 0)
(-0.00085 0 0)
(-0.00075 0 0)
(-0.00065 0 0)
(-0.00055 0 0)
(-0.00045 0 0)
(-0.00035 0 0)
(-0.00025 0 0)
(-0.00015 0 0)
(-5e-05 0 0)
(5e-05 0 0)
(0.00015 0 0)
(0.00025 0 0)
(0.00035 0 0)
(0.00045 0 0)
(0.00055 0 0)
(0.00065 0 0)
(0.00075 0 0)
(0.00085 0 0)
(0.00095 0 0)
(0.00105 0 0)
(0.00115 0 0)
(0.00125 0 0)
(0.00135 0 0)
(0.00145 0 0)
(0.00155 0 0)
(0.00165 0 0)
(0.00175 0 0)
(0.00185 0 0)
(0.00195 0 0)
(0.00205 0 0)
(0.00215 0 0)
(0.00225 0 0)
(0.00235 0 0)
(0.00245 0 0)
(0.00255 0 0)
(0.00265 0 0)
(0.00275 0 0)
(0.00285 0 0)
(0.00295 0 0)
(0.00305 0 0)
(0.00315 0 0)
(0.00325 0 0)
(0.00335 0 0)
(0.00345 0 0)
(0.00355 0 0)
(0.00365 0 0)
(0.00375 0 0)
(0.00385 0 0)
(0.00395 0 0)
(0.00405 0 0)
(0.00415 0 0)
(0.00425 0 0)
(0.00435 0 0)
(0.00445 0 0)
(0.00455 0 0)
(0.00465 0 0)
(0.00475 0 0)
(0.00485 0 0)
(0.00495 0 0)
(0.00505 0 0)
(0.00515 0 0)
(0.00525 0 0)
(0.00535 0 0)
(0.00545 0 0)
(0.00555 0 0)
(0.00565 0 0)
(0.00575 0 0)
(0.00585 0 0)
(0.00595 0 0)
(0.00605 0 0)
(0.00615 0 0)
(0.00625 0 0)
(0.00635 0 0)
(0.00645 0 0)
(0.00655 0 0)
(0.00665 0 0)
(0.00675 0 0)
(0.00685 0 0)
(0.00695 0 0)
(0.00705 0 0)
(0.00715 0 0)
(0.00725 0 0)
(0.00735 0 0)
(0.00745 0 0)
(0.00755 0 0)
(0.00765 0 0)
(0.00775 0 0)
(0.00785 0 0)
(0.00795 0 0)
(0.00805 0 0)
(0.00815 0 0)
(0.00825 0 0)
(0.00835 0 0)
(0.00845 0 0)
(0.00855 0 0)
(0.00865 0 0)
(0.00875 0 0)
(0.00885 0 0)
(0.00895 0 0)
(0.00905 0 0)
(0.00915 0 0)
(0.00925 0 0)
(0.00935 0 0)
(0.00945 0 0)
(0.00955 0 0)
(0.00965 0 0)
(0.00975 0 0)
(0.00985 0 0)
(0.00995 0 0)
(0.01005 0 0)
(0.01015 0 0)
(0.01025 0 0)
(0.01035 0 0)
(0.01045 0 0)
(0.01055 0 0)
(0.01065 0 0)
(0.01075 0 0)
(0.01085 0 0)
(0.01095 0 0)
(0.01105 0 0)
(0.01115 0 0)
(0.01125 0 0)
(0.01135 0 0)
(0.01145 0 0)
(0.01155 0 0)
(0.01165 0 0)
(0.01175 0 0)
(0.01185 0 0)
(0.01195 0 0)
(0.01205 0 0)
(0.01215 0 0)
(0.01225 0 0)
(0.01235 0 0)
(0.01245 0 0)
(0.01255 0 0)
(0.01265 0 0)
(0.01275 0 0)
(0.01285 0 0)
(0.01295 0 0)
(0.01305 0 0)
(0.01315 0 0)
(0.01325 0 0)
(0.01335 0 0)
(0.01345 0 0)
(0.01355 0 0)
(0.01365 0 0)
(0.01375 0 0)
(0.01385 0 0)
(0.01395 0 0)
(0.01405 0 0)
(0.01415 0 0)
(0.01425 0 0)
(0.01435 0 0)
(0.01445 0 0)
(0.01455 0 0)
(0.01465 0 0)
(0.01475 0 0)
(0.01485 0 0)
(0.01495 0 0)
(0.01505 0 0)
(0.01515 0 0)
(0.01525 0 0)
(0.01535 0 0)
(0.01545 0 0)
(0.01555 0 0)
(0.01565 0 0)
(0.01575 0 0)
(0.01585 0 0)
(0.01595 0 0)
(0.01605 0 0)
(0.01615 0 0)
(0.01625 0 0)
(0.01635 0 0)
(0.01645 0 0)
(0.01655 0 0)
(0.01665 0 0)
(0.01675 0 0)
(0.01685 0 0)
(0.01695 0 0)
(0.01705 0 0)
(0.01715 0 0)
(0.01725 0 0)
(0.01735 0 0)
(0.01745 0 0)
(0.01755 0 0)
(0.01765 0 0)
(0.01775 0 0)
(0.01785 0 0)
(0.01795 0 0)
(0.01805 0 0)
(0.01815 0 0)
(0.01825 0 0)
(0.01835 0 0)
(0.01845 0 0)
(0.01855 0 0)
(0.01865 0 0)
(0.01875 0 0)
(0.01885 0 0)
(0.01895 0 0)
(0.01905 0 0)
(0.01915 0 0)
(0.01925 0 0)
(0.01935 0 0)
(0.01945 0 0)
(0.01955 0 0)
(0.01965 0 0)
(0.01975 0 0)
(0.01985 0 0)
(0.01995 0 0)
(0.02005 0 0)
(0.02015 0 0)
(0.02025 0 0)
(0.02035 0 0)
(0.02045 0 0)
(0.02055 0 0)
(0.02065 0 0)
(0.02075 0 0)
(0.02085 0 0)
(0.02095 0 0)
(0.02105 0 0)
(0.02115 0 0)
(0.02125 0 0)
(0.02135 0 0)
(0.02145 0 0)
(0.02155 0 0)
(0.02165 0 0)
(0.02175 0 0)
(0.02185 0 0)
(0.02195 0 0)
(0.02205 0 0)
(0.02215 0 0)
(0.02225 0 0)
(0.02235 0 0)
(0.02245 0 0)
(0.02255 0 0)
(0.02265 0 0)
(0.02275 0 0)
(0.02285 0 0)
(0.02295 0 0)
(0.02305 0 0)
(0.02315 0 0)
(0.02325 0 0)
(0.02335 0 0)
(0.02345 0 0)
(0.02355 0 0)
(0.02365 0 0)
(0.02375 0 0)
(0.02385 0 0)
(0.02395 0 0)
(0.02405 0 0)
(0.02415 0 0)
(0.02425 0 0)
(0.02435 0 0)
(0.02445 0 0)
(0.02455 0 0)
(0.02465 0 0)
(0.02475 0 0)
(0.02485 0 0)
(0.02495 0 0)
(0.02505 0 0)
(0.02515 0 0)
(0.02525 0 0)
(0.02535 0 0)
(0.02545 0 0)
(0.02555 0 0)
(0.02565 0 0)
(0.02575 0 0)
(0.02585 0 0)
(0.02595 0 0)
(0.02605 0 0)
(0.02615 0 0)
(0.02625 0 0)
(0.02635 0 0)
(0.02645 0 0)
(0.02655 0 0)
(0.02665 0 0)
(0.02675 0 0)
(0.02685 0 0)
(0.02695 0 0)
(0.02705 0 0)
(0.02715 0 0)
(0.02725 0 0)
(0.02735 0 0)
(0.02745 0 0)
(0.02755 0 0)
(0.02765 0 0)
(0.02775 0 0)
(0.02785 0 0)
(0.02795 0 0)
(0.02805 0 0)
(0.02815 0 0)
(0.02825 0 0)
(0.02835 0 0)
(0.02845 0 0)
(0.02855 0 0)
(0.02865 0 0)
(0.02875 0 0)
(0.02885 0 0)
(0.02895 0 0)
(0.02905 0 0)
(0.02915 0 0)
(0.02925 0 0)
(0.02935 0 0)
(0.02945 0 0)
(0.02955 0 0)
(0.02965 0 0)
(0.02975 0 0)
(0.02985 0 0)
(0.02995 0 0)
(0.03005 0 0)
(0.03015 0 0)
(0.03025 0 0)
(0.03035 0 0)
(0.03045 0 0)
(0.03055 0 0)
(0.03065 0 0)
(0.03075 0 0)
(0.03085 0 0)
(0.03095 0 0)
(0.03105 0 0)
(0.03115 0 0)
(0.03125 0 0)
(0.03135 0 0)
(0.03145 0 0)
(0.03155 0 0)
(0.03165 0 0)
(0.03175 0 0)
(0.03185 0 0)
(0.03195 0 0)
(0.03205 0 0)
(0.03215 0 0)
(0.03225 0 0)
(0.03235 0 0)
(0.03245 0 0)
(0.03255 0 0)
(0.03265 0 0)
(0.03275 0 0)
(0.03285 0 0)
(0.03295 0 0)
(0.03305 0 0)
(0.03315 0 0)
(0.03325 0 0)
(0.03335 0 0)
(0.03345 0 0)
(0.03355 0 0)
(0.03365 0 0)
(0.03375 0 0)
(0.03385 0 0)
(0.03395 0 0)
(0.03405 0 0)
(0.03415 0 0)
(0.03425 0 0)
(0.03435 0 0)
(0.03445 0 0)
(0.03455 0 0)
(0.03465 0 0)
(0.03475 0 0)
(0.03485 0 0)
(0.03495 0 0)
(0.03505 0 0)
(0.03515 0 0)
(0.03525 0 0)
(0.03535 0 0)
(0.03545 0 0)
(0.03555 0 0)
(0.03565 0 0)
(0.03575 0 0)
(0.03585 0 0)
(0.03595 0 0)
(0.03605 0 0)
(0.03615 0 0)
(0.03625 0 0)
(0.03635 0 0)
(0.03645 0 0)
(0.03655 0 0)
(0.03665 0 0)
(0.03675 0 0)
(0.03685 0 0)
(0.03695 0 0)
(0.03705 0 0)
(0.03715 0 0)
(0.03725 0 0)
(0.03735 0 0)
(0.03745 0 0)
(0.03755 0 0)
(0.03765 0 0)
(0.03775 0 0)
(0.03785 0 0)
(0.03795 0 0)
(0.03805 0 0)
(0.03815 0 0)
(0.03825 0 0)
(0.03835 0 0)
(0.03845 0 0)
(0.03855 0 0)
(0.03865 0 0)
(0.03875 0 0)
(0.03885 0 0)
(0.03895 0 0)
(0.03905 0 0)
(0.03915 0 0)
(0.03925 0 0)
(0.03935 0 0)
(0.03945 0 0)
(0.03955 0 0)
(0.03965 0 0)
(0.03975 0 0)
(0.03985 0 0)
(0.03995 0 0)
(0.04005 0 0)
(0.04015 0 0)
(0.04025 0 0)
(0.04035 0 0)
(0.04045 0 0)
(0.04055 0 0)
(0.04065 0 0)
(0.04075 0 0)
(0.04085 0 0)
(0.04095 0 0)
(0.04105 0 0)
(0.04115 0 0)
(0.04125 0 0)
(0.04135 0 0)
(0.04145 0 0)
(0.04155 0 0)
(0.04165 0 0)
(0.04175 0 0)
(0.04185 0 0)
(0.04195 0 0)
(0.04205 0 0)
(0.04215 0 0)
(0.04225 0 0)
(0.04235 0 0)
(0.04245 0 0)
(0.04255 0 0)
(0.04265 0 0)
(0.04275 0 0)
(0.04285 0 0)
(0.04295 0 0)
(0.04305 0 0)
(0.04315 0 0)
(0.04325 0 0)
(0.04335 0 0)
(0.04345 0 0)
(0.04355 0 0)
(0.04365 0 0)
(0.04375 0 0)
(0.04385 0 0)
(0.04395 0 0)
(0.04405 0 0)
(0.04415 0 0)
(0.04425 0 0)
(0.04435 0 0)
(0.04445 0 0)
(0.04455 0 0)
(0.04465 0 0)
(0.04475 0 0)
(0.04485 0 0)
(0.04495 0 0)
(0.04505 0 0)
(0.04515 0 0)
(0.04525 0 0)
(0.04535 0 0)
(0.04545 0 0)
(0.04555 0 0)
(0.04565 0 0)
(0.04575 0 0)
(0.04585 0 0)
(0.04595 0 0)
(0.04605 0 0)
(0.04615 0 0)
(0.04625 0 0)
(0.04635 0 0)
(0.04645 0 0)
(0.04655 0 0)
(0.04665 0 0)
(0.04675 0 0)
(0.04685 0 0)
(0.04695 0 0)
(0.04705 0 0)
(0.04715 0 0)
(0.04725 0 0)
(0.04735 0 0)
(0.04745 0 0)
(0.04755 0 0)
(0.04765 0 0)
(0.04775 0 0)
(0.04785 0 0)
(0.04795 0 0)
(0.04805 0 0)
(0.04815 0 0)
(0.04825 0 0)
(0.04835 0 0)
(0.04845 0 0)
(0.04855 0 0)
(0.04865 0 0)
(0.04875 0 0)
(0.04885 0 0)
(0.04895 0 0)
(0.04905 0 0)
(0.04915 0 0)
(0.04925 0 0)
(0.04935 0 0)
(0.04945 0 0)
(0.04955 0 0)
(0.04965 0 0)
(0.04975 0 0)
(0.04985 0 0)
(0.04995 0 0)
(0.05005 0 0)
(-0.05005 0.001 0)
(-0.04995 0.001 0)
(-0.04985 0.001 0)
(-0.04975 0.001 0)
(-0.04965 0.001 0)
(-0.04955 0.001 0)
(-0.04945 0.001 0)
(-0.04935 0.001 0)
(-0.04925 0.001 0)
(-0.04915 0.001 0)
(-0.04905 0.001 0)
(-0.04895 0.001 0)
(-0.04885 0.001 0)
(-0.04875 0.001 0)
(-0.04865 0.001 0)
(-0.04855 0.001 0)
(-0.04845 0.001 0)
(-0.04835 0.001 0)
(-0.04825 0.001 0)
(-0.04815 0.001 0)
(-0.04805 0.001 0)
(-0.04795 0.001 0)
(-0.04785 0.001 0)
(-0.04775 0.001 0)
(-0.04765 0.001 0)
(-0.04755 0.001 0)
(-0.04745 0.001 0)
(-0.04735 0.001 0)
(-0.04725 0.001 0)
(-0.04715 0.001 0)
(-0.04705 0.001 0)
(-0.04695 0.001 0)
(-0.04685 0.001 0)
(-0.04675 0.001 0)
(-0.04665 0.001 0)
(-0.04655 0.001 0)
(-0.04645 0.001 0)
(-0.04635 0.001 0)
(-0.04625 0.001 0)
(-0.04615 0.001 0)
(-0.04605 0.001 0)
(-0.04595 0.001 0)
(-0.04585 0.001 0)
(-0.04575 0.001 0)
(-0.04565 0.001 0)
(-0.04555 0.001 0)
(-0.04545 0.001 0)
(-0.04535 0.001 0)
(-0.04525 0.001 0)
(-0.04515 0.001 0)
(-0.04505 0.001 0)
(-0.04495 0.001 0)
(-0.04485 0.001 0)
(-0.04475 0.001 0)
(-0.04465 0.001 0)
(-0.04455 0.001 0)
(-0.04445 0.001 0)
(-0.04435 0.001 0)
(-0.04425 0.001 0)
(-0.04415 0.001 0)
(-0.04405 0.001 0)
(-0.04395 0.001 0)
(-0.04385 0.001 0)
(-0.04375 0.001 0)
(-0.04365 0.001 0)
(-0.04355 0.001 0)
(-0.04345 0.001 0)
(-0.04335 0.001 0)
(-0.04325 0.001 0)
(-0.04315 0.001 0)
(-0.04305 0.001 0)
(-0.04295 0.001 0)
(-0.04285 0.001 0)
(-0.04275 0.001 0)
(-0.04265 0.001 0)
(-0.04255 0.001 0)
(-0.04245 0.001 0)
(-0.04235 0.001 0)
(-0.04225 0.001 0)
(-0.04215 0.001 0)
(-0.04205 0.001 0)
(-0.04195 0.001 0)
(-0.04185 0.001 0)
(-0.04175 0.001 0)
(-0.04165 0.001 0)
(-0.04155 0.001 0)
(-0.04145 0.001 0)
(-0.04135 0.001 0)
(-0.04125 0.001 0)
(-0.04115 0.001 0)
(-0.04105 0.001 0)
(-0.04095 0.001 0)
(-0.04085 0.001 0)
(-0.04075 0.001 0)
(-0.04065 0.001 0)
(-0.04055 0.001 0)
(-0.04045 0.001 0)
(-0.04035 0.001 0)
(-0.04025 0.001 0)
(-0.04015 0.001 0)
(-0.04005 0.001 0)
(-0.03995 0.001 0)
(-0.03985 0.001 0)
(-0.03975 0.001 0)
(-0.03965 0.001 0)
(-0.03955 0.001 0)
(-0.03945 0.001 0)
(-0.03935 0.001 0)
(-0.03925 0.001 0)
(-0.03915 0.001 0)
(-0.03905 0.001 0)
(-0.03895 0.001 0)
(-0.03885 0.001 0)
(-0.03875 0.001 0)
(-0.03865 0.001 0)
(-0.03855 0.001 0)
(-0.03845 0.001 0)
(-0.03835 0.001 0)
(-0.03825 0.001 0)
(-0.03815 0.001 0)
(-0.03805 0.001 0)
(-0.03795 0.001 0)
(-0.03785 0.001 0)
(-0.03775 0.001 0)
(-0.03765 0.001 0)
(-0.03755 0.001 0)
(-0.03745 0.001 0)
(-0.03735 0.001 0)
(-0.03725 0.001 0)
(-0.03715 0.001 0)
(-0.03705 0.001 0)
(-0.03695 0.001 0)
(-0.03685 0.001 0)
(-0.03675 0.001 0)
(-0.03665 0.001 0)
(-0.03655 0.001 0)
(-0.03645 0.001 0)
(-0.03635 0.001 0)
(-0.03625 0.001 0)
(-0.03615 0.001 0)
(-0.03605 0.001 0)
(-0.03595 0.001 0)
(-0.03585 0.001 0)
(-0.03575 0.001 0)
(-0.03565 0.001 0)
(-0.03555 0.001 0)
(-0.03545 0.001 0)
(-0.03535 0.001 0)
(-0.03525 0.001 0)
(-0.03515 0.001 0)
(-0.03505 0.001 0)
(-0.03495 0.001 0)
(-0.03485 0.001 0)
(-0.03475 0.001 0)
(-0.03465 0.001 0)
(-0.03455 0.001 0)
(-0.03445 0.001 0)
(-0.03435 0.001 0)
(-0.03425 0.001 0)
(-0.03415 0.001 0)
(-0.03405 0.001 0)
(-0.03395 0.001 0)
(-0.03385 0.001 0)
(-0.03375 0.001 0)
(-0.03365 0.001 0)
(-0.03355 0.001 0)
(-0.03345 0.001 0)
(-0.03335 0.001 0)
(-0.03325 0.001 0)
(-0.03315 0.001 0)
(-0.03305 0.001 0)
(-0.03295 0.001 0)
(-0.03285 0.001 0)
(-0.03275 0.001 0)
(-0.03265 0.001 0)
(-0.03255 0.001 0)
(-0.03245 0.001 0)
(-0.03235 0.001 0)
(-0.03225 0.001 0)
(-0.03215 0.001 0)
(-0.03205 0.001 0)
(-0.03195 0.001 0)
(-0.03185 0.001 0)
(-0.03175 0.001 0)
(-0.03165 0.001 0)
(-0.03155 0.001 0)
(-0.03145 0.001 0)
(-0.03135 0.001 0)
(-0.03125 0.001 0)
(-0.03115 0.001 0)
(-0.03105 0.001 0)
(-0.03095 0.001 0)
(-0.03085 0.001 0)
(-0.03075 0.001 0)
(-0.03065 0.001 0)
(-0.03055 0.001 0)
(-0.03045 0.001 0)
(-0.03035 0.001 0)
(-0.03025 0.001 0)
(-0.03015 0.001 0)
(-0.03005 0.001 0)
(-0.02995 0.001 0)
(-0.02985 0.001 0)
(-0.02975 0.001 0)
(-0.02965 0.001 0)
(-0.02955 0.001 0)
(-0.02945 0.001 0)
(-0.02935 0.001 0)
(-0.02925 0.001 0)
(-0.02915 0.001 0)
(-0.02905 0.001 0)
(-0.02895 0.001 0)
(-0.02885 0.001 0)
(-0.02875 0.001 0)
(-0.02865 0.001 0)
(-0.02855 0.001 0)
(-0.02845 0.001 0)
(-0.02835 0.001 0)
(-0.02825 0.001 0)
(-0.02815 0.001 0)
(-0.02805 0.001 0)
(-0.02795 0.001 0)
(-0.02785 0.001 0)
(-0.02775 0.001 0)
(-0.02765 0.001 0)
(-0.02755 0.001 0)
(-0.02745 0.001 0)
(-0.02735 0.001 0)
(-0.02725 0.001 0)
(-0.02715 0.001 0)
(-0.02705 0.001 0)
(-0.02695 0.001 0)
(-0.02685 0.001 0)
(-0.02675 0.001 0)
(-0.02665 0.001 0)
(-0.02655 0.001 0)
(-0.02645 0.001 0)
(-0.02635 0.001 0)
(-0.02625 0.001 0)
(-0.02615 0.001 0)
(-0.02605 0.001 0)
(-0.02595 0.001 0)
(-0.02585 0.001 0)
(-0.02575 0.001 0)
(-0.02565 0.001 0)
(-0.02555 0.001 0)
(-0.02545 0.001 0)
(-0.02535 0.001 0)
(-0.02525 0.001 0)
(-0.02515 0.001 0)
(-0.02505 0.001 0)
(-0.02495 0.001 0)
(-0.02485 0.001 0)
(-0.02475 0.001 0)
(-0.02465 0.001 0)
(-0.02455 0.001 0)
(-0.02445 0.001 0)
(-0.02435 0.001 0)
(-0.02425 0.001 0)
(-0.02415 0.001 0)
(-0.02405 0.001 0)
(-0.02395 0.001 0)
(-0.02385 0.001 0)
(-0.02375 0.001 0)
(-0.02365 0.001 0)
(-0.02355 0.001 0)
(-0.02345 0.001 0)
(-0.02335 0.001 0)
(-0.02325 0.001 0)
(-0.02315 0.001 0)
(-0.02305 0.001 0)
(-0.02295 0.001 0)
(-0.02285 0.001 0)
(-0.02275 0.001 0)
(-0.02265 0.001 0)
(-0.02255 0.001 0)
(-0.02245 0.001 0)
(-0.02235 0.001 0)
(-0.02225 0.001 0)
(-0.02215 0.001 0)
(-0.02205 0.001 0)
(-0.02195 0.001 0)
(-0.02185 0.001 0)
(-0.02175 0.001 0)
(-0.02165 0.001 0)
(-0.02155 0.001 0)
(-0.02145 0.001 0)
(-0.02135 0.001 0)
(-0.02125 0.001 0)
(-0.02115 0.001 0)
(-0.02105 0.001 0)
(-0.02095 0.001 0)
(-0.02085 0.001 0)
(-0.02075 0.001 0)
(-0.02065 0.001 0)
(-0.02055 0.001 0)
(-0.02045 0.001 0)
(-0.02035 0.001 0)
(-0.02025 0.001 0)
(-0.02015 0.001 0)
(-0.02005 0.001 0)
(-0.01995 0.001 0)
(-0.01985 0.001 0)
(-0.01975 0.001 0)
(-0.01965 0.001 0)
(-0.01955 0.001 0)
(-0.01945 0.001 0)
(-0.01935 0.001 0)
(-0.01925 0.001 0)
(-0.01915 0.001 0)
(-0.01905 0.001 0)
(-0.01895 0.001 0)
(-0.01885 0.001 0)
(-0.01875 0.001 0)
(-0.01865 0.001 0)
(-0.01855 0.001 0)
(-0.01845 0.001 0)
(-0.01835 0.001 0)
(-0.01825 0.001 0)
(-0.01815 0.001 0)
(-0.01805 0.001 0)
(-0.01795 0.001 0)
(-0.01785 0.001 0)
(-0.01775 0.001 0)
(-0.01765 0.001 0)
(-0.01755 0.001 0)
(-0.01745 0.001 0)
(-0.01735 0.001 0)
(-0.01725 0.001 0)
(-0.01715 0.001 0)
(-0.01705 0.001 0)
(-0.01695 0.001 0)
(-0.01685 0.001 0)
(-0.01675 0.001 0)
(-0.01665 0.001 0)
(-0.01655 0.001 0)
(-0.01645 0.001 0)
(-0.01635 0.001 0)
(-0.01625 0.001 0)
(-0.01615 0.001 0)
(-0.01605 0.001 0)
(-0.01595 0.001 0)
(-0.01585 0.001 0)
(-0.01575 0.001 0)
(-0.01565 0.001 0)
(-0.01555 0.001 0)
(-0.01545 0.001 0)
(-0.01535 0.001 0)
(-0.01525 0.001 0)
(-0.01515 0.001 0)
(-0.01505 0.001 0)
(-0.01495 0.001 0)
(-0.01485 0.001 0)
(-0.01475 0.001 0)
(-0.01465 0.001 0)
(-0.01455 0.001 0)
(-0.01445 0.001 0)
(-0.01435 0.001 0)
(-0.01425 0.001 0)
(-0.01415 0.001 0)
(-0.01405 0.001 0)
(-0.01395 0.001 0)
(-0.01385 0.001 0)
(-0.01375 0.001 0)
(-0.01365 0.001 0)
(-0.01355 0.001 0)
(-0.01345 0.001 0)
(-0.01335 0.001 0)
(-0.01325 0.001 0)
(-0.01315 0.001 0)
(-0.01305 0.001 0)
(-0.01295 0.001 0)
(-0.01285 0.001 0)
(-0.01275 0.001 0)
(-0.01265 0.001 0)
(-0.01255 0.001 0)
(-0.01245 0.001 0)
(-0.01235 0.001 0)
(-0.01225 0.001 0)
(-0.01215 0.001 0)
(-0.01205 0.001 0)
(-0.01195 0.001 0)
(-0.01185 0.001 0)
(-0.01175 0.001 0)
(-0.01165 0.001 0)
(-0.01155 0.001 0)
(-0.01145 0.001 0)
(-0.01135 0.001 0)
(-0.01125 0.001 0)
(-0.01115 0.001 0)
(-0.01105 0.001 0)
(-0.01095 0.001 0)
(-0.01085 0.001 0)
(-0.01075 0.001 0)
(-0.01065 0.001 0)
(-0.01055 0.001 0)
(-0.01045 0.001 0)
(-0.01035 0.001 0)
(-0.01025 0.001 0)
(-0.01015 0.001 0)
(-0.01005 0.001 0)
(-0.00995 0.001 0)
(-0.00985 0.001 0)
(-0.00975 0.001 0)
(-0.00965 0.001 0)
(-0.00955 0.001 0)
(-0.00945 0.001 0)
(-0.00935 0.001 0)
(-0.00925 0.001 0)
(-0.00915 0.001 0)
(-0.00905 0.001 0)
(-0.00895 0.001 0)
(-0.00885 0.001 0)
(-0.00875 0.001 0)
(-0.00865 0.001 0)
(-0.00855 0.001 0)
(-0.00845 0.001 0)
(-0.00835 0.001 0)
(-0.00825 0.001 0)
(-0.00815 0.001 0)
(-0.00805 0.001 0)
(-0.00795 0.001 0)
(-0.00785 0.001 0)
(-0.00775 0.001 0)
(-0.00765 0.001 0)
(-0.00755 0.001 0)
(-0.00745 0.001 0)
(-0.00735 0.001 0)
(-0.00725 0.001 0)
(-0.00715 0.001 0)
(-0.00705 0.001 0)
(-0.00695 0.001 0)
(-0.00685 0.001 0)
(-0.00675 0.001 0)
(-0.00665 0.001 0)
(-0.00655 0.001 0)
(-0.00645 0.001 0)
(-0.00635 0.001 0)
(-0.00625 0.001 0)
(-0.00615 0.001 0)
(-0.00605 0.001 0)
(-0.00595 0.001 0)
(-0.00585 0.001 0)
(-0.00575 0.001 0)
(-0.00565 0.001 0)
(-0.00555 0.001 0)
(-0.00545 0.001 0)
(-0.00535 0.001 0)
(-0.00525 0.001 0)
(-0.00515 0.001 0)
(-0.00505 0.001 0)
(-0.00495 0.001 0)
(-0.00485 0.001 0)
(-0.00475 0.001 0)
(-0.00465 0.001 0)
(-0.00455 0.001 0)
(-0.00445 0.001 0)
(-0.00435 0.001 0)
(-0.00425 0.001 0)
(-0.00415 0.001 0)
(-0.00405 0.001 0)
(-0.00395 0.001 0)
(-0.00385 0.001 0)
(-0.00375 0.001 0)
(-0.00365 0.001 0)
(-0.00355 0.001 0)
(-0.00345 0.001 0)
(-0.00335 0.001 0)
(-0.00325 0.001 0)
(-0.00315 0.001 0)
(-0.00305 0.001 0)
(-0.00295 0.001 0)
(-0.00285 0.001 0)
(-0.00275 0.001 0)
(-0.00265 0.001 0)
(-0.00255 0.001 0)
(-0.00245 0.001 0)
(-0.00235 0.001 0)
(-0.00225 0.001 0)
(-0.00215 0.001 0)
(-0.00205 0.001 0)
(-0.00195 0.001 0)
(-0.00185 0.001 0)
(-0.00175 0.001 0)
(-0.00165 0.001 0)
(-0.00155 0.001 0)
(-0.00145 0.001 0)
(-0.00135 0.001 0)
(-0.00125 0.001 0)
(-0.00115 0.001 0)
(-0.00105 0.001 0)
(-0.00095 0.001 0)
(-0.00085 0.001 0)
(-0.00075 0.001 0)
(-0.00065 0.001 0)
(-0.00055 0.001 0)
(-0.00045 0.001 0)
(-0.00035 0.001 0)
(-0.00025 0.001 0)
(-0.00015 0.001 0)
(-5e-05 0.001 0)
(5e-05 0.001 0)
(0.00015 0.001 0)
(0.00025 0.001 0)
(0.00035 0.001 0)
(0.00045 0.001 0)
(0.00055 0.001 0)
(0.00065 0.001 0)
(0.00075 0.001 0)
(0.00085 0.001 0)
(0.00095 0.001 0)
(0.00105 0.001 0)
(0.00115 0.001 0)
(0.00125 0.001 0)
(0.00135 0.001 0)
(0.00145 0.001 0)
(0.00155 0.001 0)
(0.00165 0.001 0)
(0.00175 0.001 0)
(0.00185 0.001 0)
(0.00195 0.001 0)
(0.00205 0.001 0)
(0.00215 0.001 0)
(0.00225 0.001 0)
(0.00235 0.001 0)
(0.00245 0.001 0)
(0.00255 0.001 0)
(0.00265 0.001 0)
(0.00275 0.001 0)
(0.00285 0.001 0)
(0.00295 0.001 0)
(0.00305 0.001 0)
(0.00315 0.001 0)
(0.00325 0.001 0)
(0.00335 0.001 0)
(0.00345 0.001 0)
(0.00355 0.001 0)
(0.00365 0.001 0)
(0.00375 0.001 0)
(0.00385 0.001 0)
(0.00395 0.001 0)
(0.00405 0.001 0)
(0.00415 0.001 0)
(0.00425 0.001 0)
(0.00435 0.001 0)
(0.00445 0.001 0)
(0.00455 0.001 0)
(0.00465 0.001 0)
(0.00475 0.001 0)
(0.00485 0.001 0)
(0.00495 0.001 0)
(0.00505 0.001 0)
(0.00515 0.001 0)
(0.00525 0.001 0)
(0.00535 0.001 0)
(0.00545 0.001 0)
(0.00555 0.001 0)
(0.00565 0.001 0)
(0.00575 0.001 0)
(0.00585 0.001 0)
(0.00595 0.001 0)
(0.00605 0.001 0)
(0.00615 0.001 0)
(0.00625 0.001 0)
(0.00635 0.001 0)
(0.00645 0.001 0)
(0.00655 0.001 0)
(0.00665 0.001 0)
(0.00675 0.001 0)
(0.00685 0.001 0)
(0.00695 0.001 0)
(0.00705 0.001 0)
(0.00715 0.001 0)
(0.00725 0.001 0)
(0.00735 0.001 0)
(0.00745 0.001 0)
(0.00755 0.001 0)
(0.00765 0.001 0)
(0.00775 0.001 0)
(0.00785 0.001 0)
(0.00795 0.001 0)
(0.00805 0.001 0)
(0.00815 0.001 0)
(0.00825 0.001 0)
(0.00835 0.001 0)
(0.00845 0.001 0)
(0.00855 0.001 0)
(0.00865 0.001 0)
(0.00875 0.001 0)
(0.00885 0.001 0)
(0.00895 0.001 0)
(0.00905 0.001 0)
(0.00915 0.001 0)
(0.00925 0.001 0)
(0.00935 0.001 0)
(0.00945 0.001 0)
(0.00955 0.001 0)
(0.00965 0.001 0)
(0.00975 0.001 0)
(0.00985 0.001 0)
(0.00995 0.001 0)
(0.01005 0.001 0)
(0.01015 0.001 0)
(0.01025 0.001 0)
(0.01035 0.001 0)
(0.01045 0.001 0)
(0.01055 0.001 0)
(0.01065 0.001 0)
(0.01075 0.001 0)
(0.01085 0.001 0)
(0.01095 0.001 0)
(0.01105 0.001 0)
(0.01115 0.001 0)
(0.01125 0.001 0)
(0.01135 0.001 0)
(0.01145 0.001 0)
(0.01155 0.001 0)
(0.01165 0.001 0)
(0.01175 0.001 0)
(0.01185 0.001 0)
(0.01195 0.001 0)
(0.01205 0.001 0)
(0.01215 0.001 0)
(0.01225 0.001 0)
(0.01235 0.001 0)
(0.01245 0.001 0)
(0.01255 0.001 0)
(0.01265 0.001 0)
(0.01275 0.001 0)
(0.01285 0.001 0)
(0.01295 0.001 0)
(0.01305 0.001 0)
(0.01315 0.001 0)
(0.01325 0.001 0)
(0.01335 0.001 0)
(0.01345 0.001 0)
(0.01355 0.001 0)
(0.01365 0.001 0)
(0.01375 0.001 0)
(0.01385 0.001 0)
(0.01395 0.001 0)
(0.01405 0.001 0)
(0.01415 0.001 0)
(0.01425 0.001 0)
(0.01435 0.001 0)
(0.01445 0.001 0)
(0.01455 0.001 0)
(0.01465 0.001 0)
(0.01475 0.001 0)
(0.01485 0.001 0)
(0.01495 0.001 0)
(0.01505 0.001 0)
(0.01515 0.001 0)
(0.01525 0.001 0)
(0.01535 0.001 0)
(0.01545 0.001 0)
(0.01555 0.001 0)
(0.01565 0.001 0)
(0.01575 0.001 0)
(0.01585 0.001 0)
(0.01595 0.001 0)
(0.01605 0.001 0)
(0.01615 0.001 0)
(0.01625 0.001 0)
(0.01635 0.001 0)
(0.01645 0.001 0)
(0.01655 0.001 0)
(0.01665 0.001 0)
(0.01675 0.001 0)
(0.01685 0.001 0)
(0.01695 0.001 0)
(0.01705 0.001 0)
(0.01715 0.001 0)
(0.01725 0.001 0)
(0.01735 0.001 0)
(0.01745 0.001 0)
(0.01755 0.001 0)
(0.01765 0.001 0)
(0.01775 0.001 0)
(0.01785 0.001 0)
(0.01795 0.001 0)
(0.01805 0.001 0)
(0.01815 0.001 0)
(0.01825 0.001 0)
(0.01835 0.001 0)
(0.01845 0.001 0)
(0.01855 0.001 0)
(0.01865 0.001 0)
(0.01875 0.001 0)
(0.01885 0.001 0)
(0.01895 0.001 0)
(0.01905 0.001 0)
(0.01915 0.001 0)
(0.01925 0.001 0)
(0.01935 0.001 0)
(0.01945 0.001 0)
(0.01955 0.001 0)
(0.01965 0.001 0)
(0.01975 0.001 0)
(0.01985 0.001 0)
(0.01995 0.001 0)
(0.02005 0.001 0)
(0.02015 0.001 0)
(0.02025 0.001 0)
(0.02035 0.001 0)
(0.02045 0.001 0)
(0.02055 0.001 0)
(0.02065 0.001 0)
(0.02075 0.001 0)
(0.02085 0.001 0)
(0.02095 0.001 0)
(0.02105 0.001 0)
(0.02115 0.001 0)
(0.02125 0.001 0)
(0.02135 0.001 0)
(0.02145 0.001 0)
(0.02155 0.001 0)
(0.02165 0.001 0)
(0.02175 0.001 0)
(0.02185 0.001 0)
(0.02195 0.001 0)
(0.02205 0.001 0)
(0.02215 0.001 0)
(0.02225 0.001 0)
(0.02235 0.001 0)
(0.02245 0.001 0)
(0.02255 0.001 0)
(0.02265 0.001 0)
(0.02275 0.001 0)
(0.02285 0.001 0)
(0.02295 0.001 0)
(0.02305 0.001 0)
(0.02315 0.001 0)
(0.02325 0.001 0)
(0.02335 0.001 0)
(0.02345 0.001 0)
(0.02355 0.001 0)
(0.02365 0.001 0)
(0.02375 0.001 0)
(0.02385 0.001 0)
(0.02395 0.001 0)
(0.02405 0.001 0)
(0.02415 0.001 0)
(0.02425 0.001 0)
(0.02435 0.001 0)
(0.02445 0.001 0)
(0.02455 0.001 0)
(0.02465 0.001 0)
(0.02475 0.001 0)
(0.02485 0.001 0)
(0.02495 0.001 0)
(0.02505 0.001 0)
(0.02515 0.001 0)
(0.02525 0.001 0)
(0.02535 0.001 0)
(0.02545 0.001 0)
(0.02555 0.001 0)
(0.02565 0.001 0)
(0.02575 0.001 0)
(0.02585 0.001 0)
(0.02595 0.001 0)
(0.02605 0.001 0)
(0.02615 0.001 0)
(0.02625 0.001 0)
(0.02635 0.001 0)
(0.02645 0.001 0)
(0.02655 0.001 0)
(0.02665 0.001 0)
(0.02675 0.001 0)
(0.02685 0.001 0)
(0.02695 0.001 0)
(0.02705 0.001 0)
(0.02715 0.001 0)
(0.02725 0.001 0)
(0.02735 0.001 0)
(0.02745 0.001 0)
(0.02755 0.001 0)
(0.02765 0.001 0)
(0.02775 0.001 0)
(0.02785 0.001 0)
(0.02795 0.001 0)
(0.02805 0.001 0)
(0.02815 0.001 0)
(0.02825 0.001 0)
(0.02835 0.001 0)
(0.02845 0.001 0)
(0.02855 0.001 0)
(0.02865 0.001 0)
(0.02875 0.001 0)
(0.02885 0.001 0)
(0.02895 0.001 0)
(0.02905 0.001 0)
(0.02915 0.001 0)
(0.02925 0.001 0)
(0.02935 0.001 0)
(0.02945 0.001 0)
(0.02955 0.001 0)
(0.02965 0.001 0)
(0.02975 0.001 0)
(0.02985 0.001 0)
(0.02995 0.001 0)
(0.03005 0.001 0)
(0.03015 0.001 0)
(0.03025 0.001 0)
(0.03035 0.001 0)
(0.03045 0.001 0)
(0.03055 0.001 0)
(0.03065 0.001 0)
(0.03075 0.001 0)
(0.03085 0.001 0)
(0.03095 0.001 0)
(0.03105 0.001 0)
(0.03115 0.001 0)
(0.03125 0.001 0)
(0.03135 0.001 0)
(0.03145 0.001 0)
(0.03155 0.001 0)
(0.03165 0.001 0)
(0.03175 0.001 0)
(0.03185 0.001 0)
(0.03195 0.001 0)
(0.03205 0.001 0)
(0.03215 0.001 0)
(0.03225 0.001 0)
(0.03235 0.001 0)
(0.03245 0.001 0)
(0.03255 0.001 0)
(0.03265 0.001 0)
(0.03275 0.001 0)
(0.03285 0.001 0)
(0.03295 0.001 0)
(0.03305 0.001 0)
(0.03315 0.001 0)
(0.03325 0.001 0)
(0.03335 0.001 0)
(0.03345 0.001 0)
(0.03355 0.001 0)
(0.03365 0.001 0)
(0.03375 0.001 0)
(0.03385 0.001 0)
(0.03395 0.001 0)
(0.03405 0.001 0)
(0.03415 0.001 0)
(0.03425 0.001 0)
(0.03435 0.001 0)
(0.03445 0.001 0)
(0.03455 0.001 0)
(0.03465 0.001 0)
(0.03475 0.001 0)
(0.03485 0.001 0)
(0.03495 0.001 0)
(0.03505 0.001 0)
(0.03515 0.001 0)
(0.03525 0.001 0)
(0.03535 0.001 0)
(0.03545 0.001 0)
(0.03555 0.001 0)
(0.03565 0.001 0)
(0.03575 0.001 0)
(0.03585 0.001 0)
(0.03595 0.001 0)
(0.03605 0.001 0)
(0.03615 0.001 0)
(0.03625 0.001 0)
(0.03635 0.001 0)
(0.03645 0.001 0)
(0.03655 0.001 0)
(0.03665 0.001 0)
(0.03675 0.001 0)
(0.03685 0.001 0)
(0.03695 0.001 0)
(0.03705 0.001 0)
(0.03715 0.001 0)
(0.03725 0.001 0)
(0.03735 0.001 0)
(0.03745 0.001 0)
(0.03755 0.001 0)
(0.03765 0.001 0)
(0.03775 0.001 0)
(0.03785 0.001 0)
(0.03795 0.001 0)
(0.03805 0.001 0)
(0.03815 0.001 0)
(0.03825 0.001 0)
(0.03835 0.001 0)
(0.03845 0.001 0)
(0.03855 0.001 0)
(0.03865 0.001 0)
(0.03875 0.001 0)
(0.03885 0.001 0)
(0.03895 0.001 0)
(0.03905 0.001 0)
(0.03915 0.001 0)
(0.03925 0.001 0)
(0.03935 0.001 0)
(0.03945 0.001 0)
(0.03955 0.001 0)
(0.03965 0.001 0)
(0.03975 0.001 0)
(0.03985 0.001 0)
(0.03995 0.001 0)
(0.04005 0.001 0)
(0.04015 0.001 0)
(0.04025 0.001 0)
(0.04035 0.001 0)
(0.04045 0.001 0)
(0.04055 0.001 0)
(0.04065 0.001 0)
(0.04075 0.001 0)
(0.04085 0.001 0)
(0.04095 0.001 0)
(0.04105 0.001 0)
(0.04115 0.001 0)
(0.04125 0.001 0)
(0.04135 0.001 0)
(0.04145 0.001 0)
(0.04155 0.001 0)
(0.04165 0.001 0)
(0.04175 0.001 0)
(0.04185 0.001 0)
(0.04195 0.001 0)
(0.04205 0.001 0)
(0.04215 0.001 0)
(0.04225 0.001 0)
(0.04235 0.001 0)
(0.04245 0.001 0)
(0.04255 0.001 0)
(0.04265 0.001 0)
(0.04275 0.001 0)
(0.04285 0.001 0)
(0.04295 0.001 0)
(0.04305 0.001 0)
(0.04315 0.001 0)
(0.04325 0.001 0)
(0.04335 0.001 0)
(0.04345 0.001 0)
(0.04355 0.001 0)
(0.04365 0.001 0)
(0.04375 0.001 0)
(0.04385 0.001 0)
(0.04395 0.001 0)
(0.04405 0.001 0)
(0.04415 0.001 0)
(0.04425 0.001 0)
(0.04435 0.001 0)
(0.04445 0.001 0)
(0.04455 0.001 0)
(0.04465 0.001 0)
(0.04475 0.001 0)
(0.04485 0.001 0)
(0.04495 0.001 0)
(0.04505 0.001 0)
(0.04515 0.001 0)
(0.04525 0.001 0)
(0.04535 0.001 0)
(0.04545 0.001 0)
(0.04555 0.001 0)
(0.04565 0.001 0)
(0.04575 0.001 0)
(0.04585 0.001 0)
(0.04595 0.001 0)
(0.04605 0.001 0)
(0.04615 0.001 0)
(0.04625 0.001 0)
(0.04635 0.001 0)
(0.04645 0.001 0)
(0.04655 0.001 0)
(0.04665 0.001 0)
(0.04675 0.001 0)
(0.04685 0.001 0)
(0.04695 0.001 0)
(0.04705 0.001 0)
(0.04715 0.001 0)
(0.04725 0.001 0)
(0.04735 0.001 0)
(0.04745 0.001 0)
(0.04755 0.001 0)
(0.04765 0.001 0)
(0.04775 0.001 0)
(0.04785 0.001 0)
(0.04795 0.001 0)
(0.04805 0.001 0)
(0.04815 0.001 0)
(0.04825 0.001 0)
(0.04835 0.001 0)
(0.04845 0.001 0)
(0.04855 0.001 0)
(0.04865 0.001 0)
(0.04875 0.001 0)
(0.04885 0.001 0)
(0.04895 0.001 0)
(0.04905 0.001 0)
(0.04915 0.001 0)
(0.04925 0.001 0)
(0.04935 0.001 0)
(0.04945 0.001 0)
(0.04955 0.001 0)
(0.04965 0.001 0)
(0.04975 0.001 0)
(0.04985 0.001 0)
(0.04995 0.001 0)
(0.05005 0.001 0)
(-0.05005 0 0.001)
(-0.04995 0 0.001)
(-0.04985 0 0.001)
(-0.04975 0 0.001)
(-0.04965 0 0.001)
(-0.04955 0 0.001)
(-0.04945 0 0.001)
(-0.04935 0 0.001)
(-0.04925 0 0.001)
(-0.04915 0 0.001)
(-0.04905 0 0.001)
(-0.04895 0 0.001)
(-0.04885 0 0.001)
(-0.04875 0 0.001)
(-0.04865 0 0.001)
(-0.04855 0 0.001)
(-0.04845 0 0.001)
(-0.04835 0 0.001)
(-0.04825 0 0.001)
(-0.04815 0 0.001)
(-0.04805 0 0.001)
(-0.04795 0 0.001)
(-0.04785 0 0.001)
(-0.04775 0 0.001)
(-0.04765 0 0.001)
(-0.04755 0 0.001)
(-0.04745 0 0.001)
(-0.04735 0 0.001)
(-0.04725 0 0.001)
(-0.04715 0 0.001)
(-0.04705 0 0.001)
(-0.04695 0 0.001)
(-0.04685 0 0.001)
(-0.04675 0 0.001)
(-0.04665 0 0.001)
(-0.04655 0 0.001)
(-0.04645 0 0.001)
(-0.04635 0 0.001)
(-0.04625 0 0.001)
(-0.04615 0 0.001)
(-0.04605 0 0.001)
(-0.04595 0 0.001)
(-0.04585 0 0.001)
(-0.04575 0 0.001)
(-0.04565 0 0.001)
(-0.04555 0 0.001)
(-0.04545 0 0.001)
(-0.04535 0 0.001)
(-0.04525 0 0.001)
(-0.04515 0 0.001)
(-0.04505 0 0.001)
(-0.04495 0 0.001)
(-0.04485 0 0.001)
(-0.04475 0 0.001)
(-0.04465 0 0.001)
(-0.04455 0 0.001)
(-0.04445 0 0.001)
(-0.04435 0 0.001)
(-0.04425 0 0.001)
(-0.04415 0 0.001)
(-0.04405 0 0.001)
(-0.04395 0 0.001)
(-0.04385 0 0.001)
(-0.04375 0 0.001)
(-0.04365 0 0.001)
(-0.04355 0 0.001)
(-0.04345 0 0.001)
(-0.04335 0 0.001)
(-0.04325 0 0.001)
(-0.04315 0 0.001)
(-0.04305 0 0.001)
(-0.04295 0 0.001)
(-0.04285 0 0.001)
(-0.04275 0 0.001)
(-0.04265 0 0.001)
(-0.04255 0 0.001)
(-0.04245 0 0.001)
(-0.04235 0 0.001)
(-0.04225 0 0.001)
(-0.04215 0 0.001)
(-0.04205 0 0.001)
(-0.04195 0 0.001)
(-0.04185 0 0.001)
(-0.04175 0 0.001)
(-0.04165 0 0.001)
(-0.04155 0 0.001)
(-0.04145 0 0.001)
(-0.04135 0 0.001)
(-0.04125 0 0.001)
(-0.04115 0 0.001)
(-0.04105 0 0.001)
(-0.04095 0 0.001)
(-0.04085 0 0.001)
(-0.04075 0 0.001)
(-0.04065 0 0.001)
(-0.04055 0 0.001)
(-0.04045 0 0.001)
(-0.04035 0 0.001)
(-0.04025 0 0.001)
(-0.04015 0 0.001)
(-0.04005 0 0.001)
(-0.03995 0 0.001)
(-0.03985 0 0.001)
(-0.03975 0 0.001)
(-0.03965 0 0.001)
(-0.03955 0 0.001)
(-0.03945 0 0.001)
(-0.03935 0 0.001)
(-0.03925 0 0.001)
(-0.03915 0 0.001)
(-0.03905 0 0.001)
(-0.03895 0 0.001)
(-0.03885 0 0.001)
(-0.03875 0 0.001)
(-0.03865 0 0.001)
(-0.03855 0 0.001)
(-0.03845 0 0.001)
(-0.03835 0 0.001)
(-0.03825 0 0.001)
(-0.03815 0 0.001)
(-0.03805 0 0.001)
(-0.03795 0 0.001)
(-0.03785 0 0.001)
(-0.03775 0 0.001)
(-0.03765 0 0.001)
(-0.03755 0 0.001)
(-0.03745 0 0.001)
(-0.03735 0 0.001)
(-0.03725 0 0.001)
(-0.03715 0 0.001)
(-0.03705 0 0.001)
(-0.03695 0 0.001)
(-0.03685 0 0.001)
(-0.03675 0 0.001)
(-0.03665 0 0.001)
(-0.03655 0 0.001)
(-0.03645 0 0.001)
(-0.03635 0 0.001)
(-0.03625 0 0.001)
(-0.03615 0 0.001)
(-0.03605 0 0.001)
(-0.03595 0 0.001)
(-0.03585 0 0.001)
(-0.03575 0 0.001)
(-0.03565 0 0.001)
(-0.03555 0 0.001)
(-0.03545 0 0.001)
(-0.03535 0 0.001)
(-0.03525 0 0.001)
(-0.03515 0 0.001)
(-0.03505 0 0.001)
(-0.03495 0 0.001)
(-0.03485 0 0.001)
(-0.03475 0 0.001)
(-0.03465 0 0.001)
(-0.03455 0 0.001)
(-0.03445 0 0.001)
(-0.03435 0 0.001)
(-0.03425 0 0.001)
(-0.03415 0 0.001)
(-0.03405 0 0.001)
(-0.03395 0 0.001)
(-0.03385 0 0.001)
(-0.03375 0 0.001)
(-0.03365 0 0.001)
(-0.03355 0 0.001)
(-0.03345 0 0.001)
(-0.03335 0 0.001)
(-0.03325 0 0.001)
(-0.03315 0 0.001)
(-0.03305 0 0.001)
(-0.03295 0 0.001)
(-0.03285 0 0.001)
(-0.03275 0 0.001)
(-0.03265 0 0.001)
(-0.03255 0 0.001)
(-0.03245 0 0.001)
(-0.03235 0 0.001)
(-0.03225 0 0.001)
(-0.03215 0 0.001)
(-0.03205 0 0.001)
(-0.03195 0 0.001)
(-0.03185 0 0.001)
(-0.03175 0 0.001)
(-0.03165 0 0.001)
(-0.03155 0 0.001)
(-0.03145 0 0.001)
(-0.03135 0 0.001)
(-0.03125 0 0.001)
(-0.03115 0 0.001)
(-0.03105 0 0.001)
(-0.03095 0 0.001)
(-0.03085 0 0.001)
(-0.03075 0 0.001)
(-0.03065 0 0.001)
(-0.03055 0 0.001)
(-0.03045 0 0.001)
(-0.03035 0 0.001)
(-0.03025 0 0.001)
(-0.03015 0 0.001)
(-0.03005 0 0.001)
(-0.02995 0 0.001)
(-0.02985 0 0.001)
(-0.02975 0 0.001)
(-0.02965 0 0.001)
(-0.02955 0 0.001)
(-0.02945 0 0.001)
(-0.02935 0 0.001)
(-0.02925 0 0.001)
(-0.02915 0 0.001)
(-0.02905 0 0.001)
(-0.02895 0 0.001)
(-0.02885 0 0.001)
(-0.02875 0 0.001)
(-0.02865 0 0.001)
(-0.02855 0 0.001)
(-0.02845 0 0.001)
(-0.02835 0 0.001)
(-0.02825 0 0.001)
(-0.02815 0 0.001)
(-0.02805 0 0.001)
(-0.02795 0 0.001)
(-0.02785 0 0.001)
(-0.02775 0 0.001)
(-0.02765 0 0.001)
(-0.02755 0 0.001)
(-0.02745 0 0.001)
(-0.02735 0 0.001)
(-0.02725 0 0.001)
(-0.02715 0 0.001)
(-0.02705 0 0.001)
(-0.02695 0 0.001)
(-0.02685 0 0.001)
(-0.02675 0 0.001)
(-0.02665 0 0.001)
(-0.02655 0 0.001)
(-0.02645 0 0.001)
(-0.02635 0 0.001)
(-0.02625 0 0.001)
(-0.02615 0 0.001)
(-0.02605 0 0.001)
(-0.02595 0 0.001)
(-0.02585 0 0.001)
(-0.02575 0 0.001)
(-0.02565 0 0.001)
(-0.02555 0 0.001)
(-0.02545 0 0.001)
(-0.02535 0 0.001)
(-0.02525 0 0.001)
(-0.02515 0 0.001)
(-0.02505 0 0.001)
(-0.02495 0 0.001)
(-0.02485 0 0.001)
(-0.02475 0 0.001)
(-0.02465 0 0.001)
(-0.02455 0 0.001)
(-0.02445 0 0.001)
(-0.02435 0 0.001)
(-0.02425 0 0.001)
(-0.02415 0 0.001)
(-0.02405 0 0.001)
(-0.02395 0 0.001)
(-0.02385 0 0.001)
(-0.02375 0 0.001)
(-0.02365 0 0.001)
(-0.02355 0 0.001)
(-0.02345 0 0.001)
(-0.02335 0 0.001)
(-0.02325 0 0.001)
(-0.02315 0 0.001)
(-0.02305 0 0.001)
(-0.02295 0 0.001)
(-0.02285 0 0.001)
(-0.02275 0 0.001)
(-0.02265 0 0.001)
(-0.02255 0 0.001)
(-0.02245 0 0.001)
(-0.02235 0 0.001)
(-0.02225 0 0.001)
(-0.02215 0 0.001)
(-0.02205 0 0.001)
(-0.02195 0 0.001)
(-0.02185 0 0.001)
(-0.02175 0 0.001)
(-0.02165 0 0.001)
(-0.02155 0 0.001)
(-0.02145 0 0.001)
(-0.02135 0 0.001)
(-0.02125 0 0.001)
(-0.02115 0 0.001)
(-0.02105 0 0.001)
(-0.02095 0 0.001)
(-0.02085 0 0.001)
(-0.02075 0 0.001)
(-0.02065 0 0.001)
(-0.02055 0 0.001)
(-0.02045 0 0.001)
(-0.02035 0 0.001)
(-0.02025 0 0.001)
(-0.02015 0 0.001)
(-0.02005 0 0.001)
(-0.01995 0 0.001)
(-0.01985 0 0.001)
(-0.01975 0 0.001)
(-0.01965 0 0.001)
(-0.01955 0 0.001)
(-0.01945 0 0.001)
(-0.01935 0 0.001)
(-0.01925 0 0.001)
(-0.01915 0 0.001)
(-0.01905 0 0.001)
(-0.01895 0 0.001)
(-0.01885 0 0.001)
(-0.01875 0 0.001)
(-0.01865 0 0.001)
(-0.01855 0 0.001)
(-0.01845 0 0.001)
(-0.01835 0 0.001)
(-0.01825 0 0.001)
(-0.01815 0 0.001)
(-0.01805 0 0.001)
(-0.01795 0 0.001)
(-0.01785 0 0.001)
(-0.01775 0 0.001)
(-0.01765 0 0.001)
(-0.01755 0 0.001)
(-0.01745 0 0.001)
(-0.01735 0 0.001)
(-0.01725 0 0.001)
(-0.01715 0 0.001)
(-0.01705 0 0.001)
(-0.01695 0 0.001)
(-0.01685 0 0.001)
(-0.01675 0 0.001)
(-0.01665 0 0.001)
(-0.01655 0 0.001)
(-0.01645 0 0.001)
(-0.01635 0 0.001)
(-0.01625 0 0.001)
(-0.01615 0 0.001)
(-0.01605 0 0.001)
(-0.01595 0 0.001)
(-0.01585 0 0.001)
(-0.01575 0 0.001)
(-0.01565 0 0.001)
(-0.01555 0 0.001)
(-0.01545 0 0.001)
(-0.01535 0 0.001)
(-0.01525 0 0.001)
(-0.01515 0 0.001)
(-0.01505 0 0.001)
(-0.01495 0 0.001)
(-0.01485 0 0.001)
(-0.01475 0 0.001)
(-0.01465 0 0.001)
(-0.01455 0 0.001)
(-0.01445 0 0.001)
(-0.01435 0 0.001)
(-0.01425 0 0.001)
(-0.01415 0 0.001)
(-0.01405 0 0.001)
(-0.01395 0 0.001)
(-0.01385 0 0.001)
(-0.01375 0 0.001)
(-0.01365 0 0.001)
(-0.01355 0 0.001)
(-0.01345 0 0.001)
(-0.01335 0 0.001)
(-0.01325 0 0.001)
(-0.01315 0 0.001)
(-0.01305 0 0.001)
(-0.01295 0 0.001)
(-0.01285 0 0.001)
(-0.01275 0 0.001)
(-0.01265 0 0.001)
(-0.01255 0 0.001)
(-0.01245 0 0.001)
(-0.01235 0 0.001)
(-0.01225 0 0.001)
(-0.01215 0 0.001)
(-0.01205 0 0.001)
(-0.01195 0 0.001)
(-0.01185 0 0.001)
(-0.01175 0 0.001)
(-0.01165 0 0.001)
(-0.01155 0 0.001)
(-0.01145 0 0.001)
(-0.01135 0 0.001)
(-0.01125 0 0.001)
(-0.01115 0 0.001)
(-0.01105 0 0.001)
(-0.01095 0 0.001)
(-0.01085 0 0.001)
(-0.01075 0 0.001)
(-0.01065 0 0.001)
(-0.01055 0 0.001)
(-0.01045 0 0.001)
(-0.01035 0 0.001)
(-0.01025 0 0.001)
(-0.01015 0 0.001)
(-0.01005 0 0.001)
(-0.00995 0 0.001)
(-0.00985 0 0.001)
(-0.00975 0 0.001)
(-0.00965 0 0.001)
(-0.00955 0 0.001)
(-0.00945 0 0.001)
(-0.00935 0 0.001)
(-0.00925 0 0.001)
(-0.00915 0 0.001)
(-0.00905 0 0.001)
(-0.00895 0 0.001)
(-0.00885 0 0.001)
(-0.00875 0 0.001)
(-0.00865 0 0.001)
(-0.00855 0 0.001)
(-0.00845 0 0.001)
(-0.00835 0 0.001)
(-0.00825 0 0.001)
(-0.00815 0 0.001)
(-0.00805 0 0.001)
(-0.00795 0 0.001)
(-0.00785 0 0.001)
(-0.00775 0 0.001)
(-0.00765 0 0.001)
(-0.00755 0 0.001)
(-0.00745 0 0.001)
(-0.00735 0 0.001)
(-0.00725 0 0.001)
(-0.00715 0 0.001)
(-0.00705 0 0.001)
(-0.00695 0 0.001)
(-0.00685 0 0.001)
(-0.00675 0 0.001)
(-0.00665 0 0.001)
(-0.00655 0 0.001)
(-0.00645 0 0.001)
(-0.00635 0 0.001)
(-0.00625 0 0.001)
(-0.00615 0 0.001)
(-0.00605 0 0.001)
(-0.00595 0 0.001)
(-0.00585 0 0.001)
(-0.00575 0 0.001)
(-0.00565 0 0.001)
(-0.00555 0 0.001)
(-0.00545 0 0.001)
(-0.00535 0 0.001)
(-0.00525 0 0.001)
(-0.00515 0 0.001)
(-0.00505 0 0.001)
(-0.00495 0 0.001)
(-0.00485 0 0.001)
(-0.00475 0 0.001)
(-0.00465 0 0.001)
(-0.00455 0 0.001)
(-0.00445 0 0.001)
(-0.00435 0 0.001)
(-0.00425 0 0.001)
(-0.00415 0 0.001)
(-0.00405 0 0.001)
(-0.00395 0 0.001)
(-0.00385 0 0.001)
(-0.00375 0 0.001)
(-0.00365 0 0.001)
(-0.00355 0 0.001)
(-0.00345 0 0.001)
(-0.00335 0 0.001)
(-0.00325 0 0.001)
(-0.00315 0 0.001)
(-0.00305 0 0.001)
(-0.00295 0 0.001)
(-0.00285 0 0.001)
(-0.00275 0 0.001)
(-0.00265 0 0.001)
(-0.00255 0 0.001)
(-0.00245 0 0.001)
(-0.00235 0 0.001)
(-0.00225 0 0.001)
(-0.00215 0 0.001)
(-0.00205 0 0.001)
(-0.00195 0 0.001)
(-0.00185 0 0.001)
(-0.00175 0 0.001)
(-0.00165 0 0.001)
(-0.00155 0 0.001)
(-0.00145 0 0.001)
(-0.00135 0 0.001)
(-0.00125 0 0.001)
(-0.00115 0 0.001)
(-0.00105 0 0.001)
(-0.00095 0 0.001)
(-0.00085 0 0.001)
(-0.00075 0 0.001)
(-0.00065 0 0.001)
(-0.00055 0 0.001)
(-0.00045 0 0.001)
(-0.00035 0 0.001)
(-0.00025 0 0.001)
(-0.00015 0 0.001)
(-5e-05 0 0.001)
(5e-05 0 0.001)
(0.00015 0 0.001)
(0.00025 0 0.001)
(0.00035 0 0.001)
(0.00045 0 0.001)
(0.00055 0 0.001)
(0.00065 0 0.001)
(0.00075 0 0.001)
(0.00085 0 0.001)
(0.00095 0 0.001)
(0.00105 0 0.001)
(0.00115 0 0.001)
(0.00125 0 0.001)
(0.00135 0 0.001)
(0.00145 0 0.001)
(0.00155 0 0.001)
(0.00165 0 0.001)
(0.00175 0 0.001)
(0.00185 0 0.001)
(0.00195 0 0.001)
(0.00205 0 0.001)
(0.00215 0 0.001)
(0.00225 0 0.001)
(0.00235 0 0.001)
(0.00245 0 0.001)
(0.00255 0 0.001)
(0.00265 0 0.001)
(0.00275 0 0.001)
(0.00285 0 0.001)
(0.00295 0 0.001)
(0.00305 0 0.001)
(0.00315 0 0.001)
(0.00325 0 0.001)
(0.00335 0 0.001)
(0.00345 0 0.001)
(0.00355 0 0.001)
(0.00365 0 0.001)
(0.00375 0 0.001)
(0.00385 0 0.001)
(0.00395 0 0.001)
(0.00405 0 0.001)
(0.00415 0 0.001)
(0.00425 0 0.001)
(0.00435 0 0.001)
(0.00445 0 0.001)
(0.00455 0 0.001)
(0.00465 0 0.001)
(0.00475 0 0.001)
(0.00485 0 0.001)
(0.00495 0 0.001)
(0.00505 0 0.001)
(0.00515 0 0.001)
(0.00525 0 0.001)
(0.00535 0 0.001)
(0.00545 0 0.001)
(0.00555 0 0.001)
(0.00565 0 0.001)
(0.00575 0 0.001)
(0.00585 0 0.001)
(0.00595 0 0.001)
(0.00605 0 0.001)
(0.00615 0 0.001)
(0.00625 0 0.001)
(0.00635 0 0.001)
(0.00645 0 0.001)
(0.00655 0 0.001)
(0.00665 0 0.001)
(0.00675 0 0.001)
(0.00685 0 0.001)
(0.00695 0 0.001)
(0.00705 0 0.001)
(0.00715 0 0.001)
(0.00725 0 0.001)
(0.00735 0 0.001)
(0.00745 0 0.001)
(0.00755 0 0.001)
(0.00765 0 0.001)
(0.00775 0 0.001)
(0.00785 0 0.001)
(0.00795 0 0.001)
(0.00805 0 0.001)
(0.00815 0 0.001)
(0.00825 0 0.001)
(0.00835 0 0.001)
(0.00845 0 0.001)
(0.00855 0 0.001)
(0.00865 0 0.001)
(0.00875 0 0.001)
(0.00885 0 0.001)
(0.00895 0 0.001)
(0.00905 0 0.001)
(0.00915 0 0.001)
(0.00925 0 0.001)
(0.00935 0 0.001)
(0.00945 0 0.001)
(0.00955 0 0.001)
(0.00965 0 0.001)
(0.00975 0 0.001)
(0.00985 0 0.001)
(0.00995 0 0.001)
(0.01005 0 0.001)
(0.01015 0 0.001)
(0.01025 0 0.001)
(0.01035 0 0.001)
(0.01045 0 0.001)
(0.01055 0 0.001)
(0.01065 0 0.001)
(0.01075 0 0.001)
(0.01085 0 0.001)
(0.01095 0 0.001)
(0.01105 0 0.001)
(0.01115 0 0.001)
(0.01125 0 0.001)
(0.01135 0 0.001)
(0.01145 0 0.001)
(0.01155 0 0.001)
(0.01165 0 0.001)
(0.01175 0 0.001)
(0.01185 0 0.001)
(0.01195 0 0.001)
(0.01205 0 0.001)
(0.01215 0 0.001)
(0.01225 0 0.001)
(0.01235 0 0.001)
(0.01245 0 0.001)
(0.01255 0 0.001)
(0.01265 0 0.001)
(0.01275 0 0.001)
(0.01285 0 0.001)
(0.01295 0 0.001)
(0.01305 0 0.001)
(0.01315 0 0.001)
(0.01325 0 0.001)
(0.01335 0 0.001)
(0.01345 0 0.001)
(0.01355 0 0.001)
(0.01365 0 0.001)
(0.01375 0 0.001)
(0.01385 0 0.001)
(0.01395 0 0.001)
(0.01405 0 0.001)
(0.01415 0 0.001)
(0.01425 0 0.001)
(0.01435 0 0.001)
(0.01445 0 0.001)
(0.01455 0 0.001)
(0.01465 0 0.001)
(0.01475 0 0.001)
(0.01485 0 0.001)
(0.01495 0 0.001)
(0.01505 0 0.001)
(0.01515 0 0.001)
(0.01525 0 0.001)
(0.01535 0 0.001)
(0.01545 0 0.001)
(0.01555 0 0.001)
(0.01565 0 0.001)
(0.01575 0 0.001)
(0.01585 0 0.001)
(0.01595 0 0.001)
(0.01605 0 0.001)
(0.01615 0 0.001)
(0.01625 0 0.001)
(0.01635 0 0.001)
(0.01645 0 0.001)
(0.01655 0 0.001)
(0.01665 0 0.001)
(0.01675 0 0.001)
(0.01685 0 0.001)
(0.01695 0 0.001)
(0.01705 0 0.001)
(0.01715 0 0.001)
(0.01725 0 0.001)
(0.01735 0 0.001)
(0.01745 0 0.001)
(0.01755 0 0.001)
(0.01765 0 0.001)
(0.01775 0 0.001)
(0.01785 0 0.001)
(0.01795 0 0.001)
(0.01805 0 0.001)
(0.01815 0 0.001)
(0.01825 0 0.001)
(0.01835 0 0.001)
(0.01845 0 0.001)
(0.01855 0 0.001)
(0.01865 0 0.001)
(0.01875 0 0.001)
(0.01885 0 0.001)
(0.01895 0 0.001)
(0.01905 0 0.001)
(0.01915 0 0.001)
(0.01925 0 0.001)
(0.01935 0 0.001)
(0.01945 0 0.001)
(0.01955 0 0.001)
(0.01965 0 0.001)
(0.01975 0 0.001)
(0.01985 0 0.001)
(0.01995 0 0.001)
(0.02005 0 0.001)
(0.02015 0 0.001)
(0.02025 0 0.001)
(0.02035 0 0.001)
(0.02045 0 0.001)
(0.02055 0 0.001)
(0.02065 0 0.001)
(0.02075 0 0.001)
(0.02085 0 0.001)
(0.02095 0 0.001)
(0.02105 0 0.001)
(0.02115 0 0.001)
(0.02125 0 0.001)
(0.02135 0 0.001)
(0.02145 0 0.001)
(0.02155 0 0.001)
(0.02165 0 0.001)
(0.02175 0 0.001)
(0.02185 0 0.001)
(0.02195 0 0.001)
(0.02205 0 0.001)
(0.02215 0 0.001)
(0.02225 0 0.001)
(0.02235 0 0.001)
(0.02245 0 0.001)
(0.02255 0 0.001)
(0.02265 0 0.001)
(0.02275 0 0.001)
(0.02285 0 0.001)
(0.02295 0 0.001)
(0.02305 0 0.001)
(0.02315 0 0.001)
(0.02325 0 0.001)
(0.02335 0 0.001)
(0.02345 0 0.001)
(0.02355 0 0.001)
(0.02365 0 0.001)
(0.02375 0 0.001)
(0.02385 0 0.001)
(0.02395 0 0.001)
(0.02405 0 0.001)
(0.02415 0 0.001)
(0.02425 0 0.001)
(0.02435 0 0.001)
(0.02445 0 0.001)
(0.02455 0 0.001)
(0.02465 0 0.001)
(0.02475 0 0.001)
(0.02485 0 0.001)
(0.02495 0 0.001)
(0.02505 0 0.001)
(0.02515 0 0.001)
(0.02525 0 0.001)
(0.02535 0 0.001)
(0.02545 0 0.001)
(0.02555 0 0.001)
(0.02565 0 0.001)
(0.02575 0 0.001)
(0.02585 0 0.001)
(0.02595 0 0.001)
(0.02605 0 0.001)
(0.02615 0 0.001)
(0.02625 0 0.001)
(0.02635 0 0.001)
(0.02645 0 0.001)
(0.02655 0 0.001)
(0.02665 0 0.001)
(0.02675 0 0.001)
(0.02685 0 0.001)
(0.02695 0 0.001)
(0.02705 0 0.001)
(0.02715 0 0.001)
(0.02725 0 0.001)
(0.02735 0 0.001)
(0.02745 0 0.001)
(0.02755 0 0.001)
(0.02765 0 0.001)
(0.02775 0 0.001)
(0.02785 0 0.001)
(0.02795 0 0.001)
(0.02805 0 0.001)
(0.02815 0 0.001)
(0.02825 0 0.001)
(0.02835 0 0.001)
(0.02845 0 0.001)
(0.02855 0 0.001)
(0.02865 0 0.001)
(0.02875 0 0.001)
(0.02885 0 0.001)
(0.02895 0 0.001)
(0.02905 0 0.001)
(0.02915 0 0.001)
(0.02925 0 0.001)
(0.02935 0 0.001)
(0.02945 0 0.001)
(0.02955 0 0.001)
(0.02965 0 0.001)
(0.02975 0 0.001)
(0.02985 0 0.001)
(0.02995 0 0.001)
(0.03005 0 0.001)
(0.03015 0 0.001)
(0.03025 0 0.001)
(0.03035 0 0.001)
(0.03045 0 0.001)
(0.03055 0 0.001)
(0.03065 0 0.001)
(0.03075 0 0.001)
(0.03085 0 0.001)
(0.03095 0 0.001)
(0.03105 0 0.001)
(0.03115 0 0.001)
(0.03125 0 0.001)
(0.03135 0 0.001)
(0.03145 0 0.001)
(0.03155 0 0.001)
(0.03165 0 0.001)
(0.03175 0 0.001)
(0.03185 0 0.001)
(0.03195 0 0.001)
(0.03205 0 0.001)
(0.03215 0 0.001)
(0.03225 0 0.001)
(0.03235 0 0.001)
(0.03245 0 0.001)
(0.03255 0 0.001)
(0.03265 0 0.001)
(0.03275 0 0.001)
(0.03285 0 0.001)
(0.03295 0 0.001)
(0.03305 0 0.001)
(0.03315 0 0.001)
(0.03325 0 0.001)
(0.03335 0 0.001)
(0.03345 0 0.001)
(0.03355 0 0.001)
(0.03365 0 0.001)
(0.03375 0 0.001)
(0.03385 0 0.001)
(0.03395 0 0.001)
(0.03405 0 0.001)
(0.03415 0 0.001)
(0.03425 0 0.001)
(0.03435 0 0.001)
(0.03445 0 0.001)
(0.03455 0 0.001)
(0.03465 0 0.001)
(0.03475 0 0.001)
(0.03485 0 0.001)
(0.03495 0 0.001)
(0.03505 0 0.001)
(0.03515 0 0.001)
(0.03525 0 0.001)
(0.03535 0 0.001)
(0.03545 0 0.001)
(0.03555 0 0.001)
(0.03565 0 0.001)
(0.03575 0 0.001)
(0.03585 0 0.001)
(0.03595 0 0.001)
(0.03605 0 0.001)
(0.03615 0 0.001)
(0.03625 0 0.001)
(0.03635 0 0.001)
(0.03645 0 0.001)
(0.03655 0 0.001)
(0.03665 0 0.001)
(0.03675 0 0.001)
(0.03685 0 0.001)
(0.03695 0 0.001)
(0.03705 0 0.001)
(0.03715 0 0.001)
(0.03725 0 0.001)
(0.03735 0 0.001)
(0.03745 0 0.001)
(0.03755 0 0.001)
(0.03765 0 0.001)
(0.03775 0 0.001)
(0.03785 0 0.001)
(0.03795 0 0.001)
(0.03805 0 0.001)
(0.03815 0 0.001)
(0.03825 0 0.001)
(0.03835 0 0.001)
(0.03845 0 0.001)
(0.03855 0 0.001)
(0.03865 0 0.001)
(0.03875 0 0.001)
(0.03885 0 0.001)
(0.03895 0 0.001)
(0.03905 0 0.001)
(0.03915 0 0.001)
(0.03925 0 0.001)
(0.03935 0 0.001)
(0.03945 0 0.001)
(0.03955 0 0.001)
(0.03965 0 0.001)
(0.03975 0 0.001)
(0.03985 0 0.001)
(0.03995 0 0.001)
(0.04005 0 0.001)
(0.04015 0 0.001)
(0.04025 0 0.001)
(0.04035 0 0.001)
(0.04045 0 0.001)
(0.04055 0 0.001)
(0.04065 0 0.001)
(0.04075 0 0.001)
(0.04085 0 0.001)
(0.04095 0 0.001)
(0.04105 0 0.001)
(0.04115 0 0.001)
(0.04125 0 0.001)
(0.04135 0 0.001)
(0.04145 0 0.001)
(0.04155 0 0.001)
(0.04165 0 0.001)
(0.04175 0 0.001)
(0.04185 0 0.001)
(0.04195 0 0.001)
(0.04205 0 0.001)
(0.04215 0 0.001)
(0.04225 0 0.001)
(0.04235 0 0.001)
(0.04245 0 0.001)
(0.04255 0 0.001)
(0.04265 0 0.001)
(0.04275 0 0.001)
(0.04285 0 0.001)
(0.04295 0 0.001)
(0.04305 0 0.001)
(0.04315 0 0.001)
(0.04325 0 0.001)
(0.04335 0 0.001)
(0.04345 0 0.001)
(0.04355 0 0.001)
(0.04365 0 0.001)
(0.04375 0 0.001)
(0.04385 0 0.001)
(0.04395 0 0.001)
(0.04405 0 0.001)
(0.04415 0 0.001)
(0.04425 0 0.001)
(0.04435 0 0.001)
(0.04445 0 0.001)
(0.04455 0 0.001)
(0.04465 0 0.001)
(0.04475 0 0.001)
(0.04485 0 0.001)
(0.04495 0 0.001)
(0.04505 0 0.001)
(0.04515 0 0.001)
(0.04525 0 0.001)
(0.04535 0 0.001)
(0.04545 0 0.001)
(0.04555 0 0.001)
(0.04565 0 0.001)
(0.04575 0 0.001)
(0.04585 0 0.001)
(0.04595 0 0.001)
(0.04605 0 0.001)
(0.04615 0 0.001)
(0.04625 0 0.001)
(0.04635 0 0.001)
(0.04645 0 0.001)
(0.04655 0 0.001)
(0.04665 0 0.001)
(0.04675 0 0.001)
(0.04685 0 0.001)
(0.04695 0 0.001)
(0.04705 0 0.001)
(0.04715 0 0.001)
(0.04725 0 0.001)
(0.04735 0 0.001)
(0.04745 0 0.001)
(0.04755 0 0.001)
(0.04765 0 0.001)
(0.04775 0 0.001)
(0.04785 0 0.001)
(0.04795 0 0.001)
(0.04805 0 0.001)
(0.04815 0 0.001)
(0.04825 0 0.001)
(0.04835 0 0.001)
(0.04845 0 0.001)
(0.04855 0 0.001)
(0.04865 0 0.001)
(0.04875 0 0.001)
(0.04885 0 0.001)
(0.04895 0 0.001)
(0.04905 0 0.001)
(0.04915 0 0.001)
(0.04925 0 0.001)
(0.04935 0 0.001)
(0.04945 0 0.001)
(0.04955 0 0.001)
(0.04965 0 0.001)
(0.04975 0 0.001)
(0.04985 0 0.001)
(0.04995 0 0.001)
(0.05005 0 0.001)
(-0.05005 0.001 0.001)
(-0.04995 0.001 0.001)
(-0.04985 0.001 0.001)
(-0.04975 0.001 0.001)
(-0.04965 0.001 0.001)
(-0.04955 0.001 0.001)
(-0.04945 0.001 0.001)
(-0.04935 0.001 0.001)
(-0.04925 0.001 0.001)
(-0.04915 0.001 0.001)
(-0.04905 0.001 0.001)
(-0.04895 0.001 0.001)
(-0.04885 0.001 0.001)
(-0.04875 0.001 0.001)
(-0.04865 0.001 0.001)
(-0.04855 0.001 0.001)
(-0.04845 0.001 0.001)
(-0.04835 0.001 0.001)
(-0.04825 0.001 0.001)
(-0.04815 0.001 0.001)
(-0.04805 0.001 0.001)
(-0.04795 0.001 0.001)
(-0.04785 0.001 0.001)
(-0.04775 0.001 0.001)
(-0.04765 0.001 0.001)
(-0.04755 0.001 0.001)
(-0.04745 0.001 0.001)
(-0.04735 0.001 0.001)
(-0.04725 0.001 0.001)
(-0.04715 0.001 0.001)
(-0.04705 0.001 0.001)
(-0.04695 0.001 0.001)
(-0.04685 0.001 0.001)
(-0.04675 0.001 0.001)
(-0.04665 0.001 0.001)
(-0.04655 0.001 0.001)
(-0.04645 0.001 0.001)
(-0.04635 0.001 0.001)
(-0.04625 0.001 0.001)
(-0.04615 0.001 0.001)
(-0.04605 0.001 0.001)
(-0.04595 0.001 0.001)
(-0.04585 0.001 0.001)
(-0.04575 0.001 0.001)
(-0.04565 0.001 0.001)
(-0.04555 0.001 0.001)
(-0.04545 0.001 0.001)
(-0.04535 0.001 0.001)
(-0.04525 0.001 0.001)
(-0.04515 0.001 0.001)
(-0.04505 0.001 0.001)
(-0.04495 0.001 0.001)
(-0.04485 0.001 0.001)
(-0.04475 0.001 0.001)
(-0.04465 0.001 0.001)
(-0.04455 0.001 0.001)
(-0.04445 0.001 0.001)
(-0.04435 0.001 0.001)
(-0.04425 0.001 0.001)
(-0.04415 0.001 0.001)
(-0.04405 0.001 0.001)
(-0.04395 0.001 0.001)
(-0.04385 0.001 0.001)
(-0.04375 0.001 0.001)
(-0.04365 0.001 0.001)
(-0.04355 0.001 0.001)
(-0.04345 0.001 0.001)
(-0.04335 0.001 0.001)
(-0.04325 0.001 0.001)
(-0.04315 0.001 0.001)
(-0.04305 0.001 0.001)
(-0.04295 0.001 0.001)
(-0.04285 0.001 0.001)
(-0.04275 0.001 0.001)
(-0.04265 0.001 0.001)
(-0.04255 0.001 0.001)
(-0.04245 0.001 0.001)
(-0.04235 0.001 0.001)
(-0.04225 0.001 0.001)
(-0.04215 0.001 0.001)
(-0.04205 0.001 0.001)
(-0.04195 0.001 0.001)
(-0.04185 0.001 0.001)
(-0.04175 0.001 0.001)
(-0.04165 0.001 0.001)
(-0.04155 0.001 0.001)
(-0.04145 0.001 0.001)
(-0.04135 0.001 0.001)
(-0.04125 0.001 0.001)
(-0.04115 0.001 0.001)
(-0.04105 0.001 0.001)
(-0.04095 0.001 0.001)
(-0.04085 0.001 0.001)
(-0.04075 0.001 0.001)
(-0.04065 0.001 0.001)
(-0.04055 0.001 0.001)
(-0.04045 0.001 0.001)
(-0.04035 0.001 0.001)
(-0.04025 0.001 0.001)
(-0.04015 0.001 0.001)
(-0.04005 0.001 0.001)
(-0.03995 0.001 0.001)
(-0.03985 0.001 0.001)
(-0.03975 0.001 0.001)
(-0.03965 0.001 0.001)
(-0.03955 0.001 0.001)
(-0.03945 0.001 0.001)
(-0.03935 0.001 0.001)
(-0.03925 0.001 0.001)
(-0.03915 0.001 0.001)
(-0.03905 0.001 0.001)
(-0.03895 0.001 0.001)
(-0.03885 0.001 0.001)
(-0.03875 0.001 0.001)
(-0.03865 0.001 0.001)
(-0.03855 0.001 0.001)
(-0.03845 0.001 0.001)
(-0.03835 0.001 0.001)
(-0.03825 0.001 0.001)
(-0.03815 0.001 0.001)
(-0.03805 0.001 0.001)
(-0.03795 0.001 0.001)
(-0.03785 0.001 0.001)
(-0.03775 0.001 0.001)
(-0.03765 0.001 0.001)
(-0.03755 0.001 0.001)
(-0.03745 0.001 0.001)
(-0.03735 0.001 0.001)
(-0.03725 0.001 0.001)
(-0.03715 0.001 0.001)
(-0.03705 0.001 0.001)
(-0.03695 0.001 0.001)
(-0.03685 0.001 0.001)
(-0.03675 0.001 0.001)
(-0.03665 0.001 0.001)
(-0.03655 0.001 0.001)
(-0.03645 0.001 0.001)
(-0.03635 0.001 0.001)
(-0.03625 0.001 0.001)
(-0.03615 0.001 0.001)
(-0.03605 0.001 0.001)
(-0.03595 0.001 0.001)
(-0.03585 0.001 0.001)
(-0.03575 0.001 0.001)
(-0.03565 0.001 0.001)
(-0.03555 0.001 0.001)
(-0.03545 0.001 0.001)
(-0.03535 0.001 0.001)
(-0.03525 0.001 0.001)
(-0.03515 0.001 0.001)
(-0.03505 0.001 0.001)
(-0.03495 0.001 0.001)
(-0.03485 0.001 0.001)
(-0.03475 0.001 0.001)
(-0.03465 0.001 0.001)
(-0.03455 0.001 0.001)
(-0.03445 0.001 0.001)
(-0.03435 0.001 0.001)
(-0.03425 0.001 0.001)
(-0.03415 0.001 0.001)
(-0.03405 0.001 0.001)
(-0.03395 0.001 0.001)
(-0.03385 0.001 0.001)
(-0.03375 0.001 0.001)
(-0.03365 0.001 0.001)
(-0.03355 0.001 0.001)
(-0.03345 0.001 0.001)
(-0.03335 0.001 0.001)
(-0.03325 0.001 0.001)
(-0.03315 0.001 0.001)
(-0.03305 0.001 0.001)
(-0.03295 0.001 0.001)
(-0.03285 0.001 0.001)
(-0.03275 0.001 0.001)
(-0.03265 0.001 0.001)
(-0.03255 0.001 0.001)
(-0.03245 0.001 0.001)
(-0.03235 0.001 0.001)
(-0.03225 0.001 0.001)
(-0.03215 0.001 0.001)
(-0.03205 0.001 0.001)
(-0.03195 0.001 0.001)
(-0.03185 0.001 0.001)
(-0.03175 0.001 0.001)
(-0.03165 0.001 0.001)
(-0.03155 0.001 0.001)
(-0.03145 0.001 0.001)
(-0.03135 0.001 0.001)
(-0.03125 0.001 0.001)
(-0.03115 0.001 0.001)
(-0.03105 0.001 0.001)
(-0.03095 0.001 0.001)
(-0.03085 0.001 0.001)
(-0.03075 0.001 0.001)
(-0.03065 0.001 0.001)
(-0.03055 0.001 0.001)
(-0.03045 0.001 0.001)
(-0.03035 0.001 0.001)
(-0.03025 0.001 0.001)
(-0.03015 0.001 0.001)
(-0.03005 0.001 0.001)
(-0.02995 0.001 0.001)
(-0.02985 0.001 0.001)
(-0.02975 0.001 0.001)
(-0.02965 0.001 0.001)
(-0.02955 0.001 0.001)
(-0.02945 0.001 0.001)
(-0.02935 0.001 0.001)
(-0.02925 0.001 0.001)
(-0.02915 0.001 0.001)
(-0.02905 0.001 0.001)
(-0.02895 0.001 0.001)
(-0.02885 0.001 0.001)
(-0.02875 0.001 0.001)
(-0.02865 0.001 0.001)
(-0.02855 0.001 0.001)
(-0.02845 0.001 0.001)
(-0.02835 0.001 0.001)
(-0.02825 0.001 0.001)
(-0.02815 0.001 0.001)
(-0.02805 0.001 0.001)
(-0.02795 0.001 0.001)
(-0.02785 0.001 0.001)
(-0.02775 0.001 0.001)
(-0.02765 0.001 0.001)
(-0.02755 0.001 0.001)
(-0.02745 0.001 0.001)
(-0.02735 0.001 0.001)
(-0.02725 0.001 0.001)
(-0.02715 0.001 0.001)
(-0.02705 0.001 0.001)
(-0.02695 0.001 0.001)
(-0.02685 0.001 0.001)
(-0.02675 0.001 0.001)
(-0.02665 0.001 0.001)
(-0.02655 0.001 0.001)
(-0.02645 0.001 0.001)
(-0.02635 0.001 0.001)
(-0.02625 0.001 0.001)
(-0.02615 0.001 0.001)
(-0.02605 0.001 0.001)
(-0.02595 0.001 0.001)
(-0.02585 0.001 0.001)
(-0.02575 0.001 0.001)
(-0.02565 0.001 0.001)
(-0.02555 0.001 0.001)
(-0.02545 0.001 0.001)
(-0.02535 0.001 0.001)
(-0.02525 0.001 0.001)
(-0.02515 0.001 0.001)
(-0.02505 0.001 0.001)
(-0.02495 0.001 0.001)
(-0.02485 0.001 0.001)
(-0.02475 0.001 0.001)
(-0.02465 0.001 0.001)
(-0.02455 0.001 0.001)
(-0.02445 0.001 0.001)
(-0.02435 0.001 0.001)
(-0.02425 0.001 0.001)
(-0.02415 0.001 0.001)
(-0.02405 0.001 0.001)
(-0.02395 0.001 0.001)
(-0.02385 0.001 0.001)
(-0.02375 0.001 0.001)
(-0.02365 0.001 0.001)
(-0.02355 0.001 0.001)
(-0.02345 0.001 0.001)
(-0.02335 0.001 0.001)
(-0.02325 0.001 0.001)
(-0.02315 0.001 0.001)
(-0.02305 0.001 0.001)
(-0.02295 0.001 0.001)
(-0.02285 0.001 0.001)
(-0.02275 0.001 0.001)
(-0.02265 0.001 0.001)
(-0.02255 0.001 0.001)
(-0.02245 0.001 0.001)
(-0.02235 0.001 0.001)
(-0.02225 0.001 0.001)
(-0.02215 0.001 0.001)
(-0.02205 0.001 0.001)
(-0.02195 0.001 0.001)
(-0.02185 0.001 0.001)
(-0.02175 0.001 0.001)
(-0.02165 0.001 0.001)
(-0.02155 0.001 0.001)
(-0.02145 0.001 0.001)
(-0.02135 0.001 0.001)
(-0.02125 0.001 0.001)
(-0.02115 0.001 0.001)
(-0.02105 0.001 0.001)
(-0.02095 0.001 0.001)
(-0.02085 0.001 0.001)
(-0.02075 0.001 0.001)
(-0.02065 0.001 0.001)
(-0.02055 0.001 0.001)
(-0.02045 0.001 0.001)
(-0.02035 0.001 0.001)
(-0.02025 0.001 0.001)
(-0.02015 0.001 0.001)
(-0.02005 0.001 0.001)
(-0.01995 0.001 0.001)
(-0.01985 0.001 0.001)
(-0.01975 0.001 0.001)
(-0.01965 0.001 0.001)
(-0.01955 0.001 0.001)
(-0.01945 0.001 0.001)
(-0.01935 0.001 0.001)
(-0.01925 0.001 0.001)
(-0.01915 0.001 0.001)
(-0.01905 0.001 0.001)
(-0.01895 0.001 0.001)
(-0.01885 0.001 0.001)
(-0.01875 0.001 0.001)
(-0.01865 0.001 0.001)
(-0.01855 0.001 0.001)
(-0.01845 0.001 0.001)
(-0.01835 0.001 0.001)
(-0.01825 0.001 0.001)
(-0.01815 0.001 0.001)
(-0.01805 0.001 0.001)
(-0.01795 0.001 0.001)
(-0.01785 0.001 0.001)
(-0.01775 0.001 0.001)
(-0.01765 0.001 0.001)
(-0.01755 0.001 0.001)
(-0.01745 0.001 0.001)
(-0.01735 0.001 0.001)
(-0.01725 0.001 0.001)
(-0.01715 0.001 0.001)
(-0.01705 0.001 0.001)
(-0.01695 0.001 0.001)
(-0.01685 0.001 0.001)
(-0.01675 0.001 0.001)
(-0.01665 0.001 0.001)
(-0.01655 0.001 0.001)
(-0.01645 0.001 0.001)
(-0.01635 0.001 0.001)
(-0.01625 0.001 0.001)
(-0.01615 0.001 0.001)
(-0.01605 0.001 0.001)
(-0.01595 0.001 0.001)
(-0.01585 0.001 0.001)
(-0.01575 0.001 0.001)
(-0.01565 0.001 0.001)
(-0.01555 0.001 0.001)
(-0.01545 0.001 0.001)
(-0.01535 0.001 0.001)
(-0.01525 0.001 0.001)
(-0.01515 0.001 0.001)
(-0.01505 0.001 0.001)
(-0.01495 0.001 0.001)
(-0.01485 0.001 0.001)
(-0.01475 0.001 0.001)
(-0.01465 0.001 0.001)
(-0.01455 0.001 0.001)
(-0.01445 0.001 0.001)
(-0.01435 0.001 0.001)
(-0.01425 0.001 0.001)
(-0.01415 0.001 0.001)
(-0.01405 0.001 0.001)
(-0.01395 0.001 0.001)
(-0.01385 0.001 0.001)
(-0.01375 0.001 0.001)
(-0.01365 0.001 0.001)
(-0.01355 0.001 0.001)
(-0.01345 0.001 0.001)
(-0.01335 0.001 0.001)
(-0.01325 0.001 0.001)
(-0.01315 0.001 0.001)
(-0.01305 0.001 0.001)
(-0.01295 0.001 0.001)
(-0.01285 0.001 0.001)
(-0.01275 0.001 0.001)
(-0.01265 0.001 0.001)
(-0.01255 0.001 0.001)
(-0.01245 0.001 0.001)
(-0.01235 0.001 0.001)
(-0.01225 0.001 0.001)
(-0.01215 0.001 0.001)
(-0.01205 0.001 0.001)
(-0.01195 0.001 0.001)
(-0.01185 0.001 0.001)
(-0.01175 0.001 0.001)
(-0.01165 0.001 0.001)
(-0.01155 0.001 0.001)
(-0.01145 0.001 0.001)
(-0.01135 0.001 0.001)
(-0.01125 0.001 0.001)
(-0.01115 0.001 0.001)
(-0.01105 0.001 0.001)
(-0.01095 0.001 0.001)
(-0.01085 0.001 0.001)
(-0.01075 0.001 0.001)
(-0.01065 0.001 0.001)
(-0.01055 0.001 0.001)
(-0.01045 0.001 0.001)
(-0.01035 0.001 0.001)
(-0.01025 0.001 0.001)
(-0.01015 0.001 0.001)
(-0.01005 0.001 0.001)
(-0.00995 0.001 0.001)
(-0.00985 0.001 0.001)
(-0.00975 0.001 0.001)
(-0.00965 0.001 0.001)
(-0.00955 0.001 0.001)
(-0.00945 0.001 0.001)
(-0.00935 0.001 0.001)
(-0.00925 0.001 0.001)
(-0.00915 0.001 0.001)
(-0.00905 0.001 0.001)
(-0.00895 0.001 0.001)
(-0.00885 0.001 0.001)
(-0.00875 0.001 0.001)
(-0.00865 0.001 0.001)
(-0.00855 0.001 0.001)
(-0.00845 0.001 0.001)
(-0.00835 0.001 0.001)
(-0.00825 0.001 0.001)
(-0.00815 0.001 0.001)
(-0.00805 0.001 0.001)
(-0.00795 0.001 0.001)
(-0.00785 0.001 0.001)
(-0.00775 0.001 0.001)
(-0.00765 0.001 0.001)
(-0.00755 0.001 0.001)
(-0.00745 0.001 0.001)
(-0.00735 0.001 0.001)
(-0.00725 0.001 0.001)
(-0.00715 0.001 0.001)
(-0.00705 0.001 0.001)
(-0.00695 0.001 0.001)
(-0.00685 0.001 0.001)
(-0.00675 0.001 0.001)
(-0.00665 0.001 0.001)
(-0.00655 0.001 0.001)
(-0.00645 0.001 0.001)
(-0.00635 0.001 0.001)
(-0.00625 0.001 0.001)
(-0.00615 0.001 0.001)
(-0.00605 0.001 0.001)
(-0.00595 0.001 0.001)
(-0.00585 0.001 0.001)
(-0.00575 0.001 0.001)
(-0.00565 0.001 0.001)
(-0.00555 0.001 0.001)
(-0.00545 0.001 0.001)
(-0.00535 0.001 0.001)
(-0.00525 0.001 0.001)
(-0.00515 0.001 0.001)
(-0.00505 0.001 0.001)
(-0.00495 0.001 0.001)
(-0.00485 0.001 0.001)
(-0.00475 0.001 0.001)
(-0.00465 0.001 0.001)
(-0.00455 0.001 0.001)
(-0.00445 0.001 0.001)
(-0.00435 0.001 0.001)
(-0.00425 0.001 0.001)
(-0.00415 0.001 0.001)
(-0.00405 0.001 0.001)
(-0.00395 0.001 0.001)
(-0.00385 0.001 0.001)
(-0.00375 0.001 0.001)
(-0.00365 0.001 0.001)
(-0.00355 0.001 0.001)
(-0.00345 0.001 0.001)
(-0.00335 0.001 0.001)
(-0.00325 0.001 0.001)
(-0.00315 0.001 0.001)
(-0.00305 0.001 0.001)
(-0.00295 0.001 0.001)
(-0.00285 0.001 0.001)
(-0.00275 0.001 0.001)
(-0.00265 0.001 0.001)
(-0.00255 0.001 0.001)
(-0.00245 0.001 0.001)
(-0.00235 0.001 0.001)
(-0.00225 0.001 0.001)
(-0.00215 0.001 0.001)
(-0.00205 0.001 0.001)
(-0.00195 0.001 0.001)
(-0.00185 0.001 0.001)
(-0.00175 0.001 0.001)
(-0.00165 0.001 0.001)
(-0.00155 0.001 0.001)
(-0.00145 0.001 0.001)
(-0.00135 0.001 0.001)
(-0.00125 0.001 0.001)
(-0.00115 0.001 0.001)
(-0.00105 0.001 0.001)
(-0.00095 0.001 0.001)
(-0.00085 0.001 0.001)
(-0.00075 0.001 0.001)
(-0.00065 0.001 0.001)
(-0.00055 0.001 0.001)
(-0.00045 0.001 0.001)
(-0.00035 0.001 0.001)
(-0.00025 0.001 0.001)
(-0.00015 0.001 0.001)
(-5e-05 0.001 0.001)
(5e-05 0.001 0.001)
(0.00015 0.001 0.001)
(0.00025 0.001 0.001)
(0.00035 0.001 0.001)
(0.00045 0.001 0.001)
(0.00055 0.001 0.001)
(0.00065 0.001 0.001)
(0.00075 0.001 0.001)
(0.00085 0.001 0.001)
(0.00095 0.001 0.001)
(0.00105 0.001 0.001)
(0.00115 0.001 0.001)
(0.00125 0.001 0.001)
(0.00135 0.001 0.001)
(0.00145 0.001 0.001)
(0.00155 0.001 0.001)
(0.00165 0.001 0.001)
(0.00175 0.001 0.001)
(0.00185 0.001 0.001)
(0.00195 0.001 0.001)
(0.00205 0.001 0.001)
(0.00215 0.001 0.001)
(0.00225 0.001 0.001)
(0.00235 0.001 0.001)
(0.00245 0.001 0.001)
(0.00255 0.001 0.001)
(0.00265 0.001 0.001)
(0.00275 0.001 0.001)
(0.00285 0.001 0.001)
(0.00295 0.001 0.001)
(0.00305 0.001 0.001)
(0.00315 0.001 0.001)
(0.00325 0.001 0.001)
(0.00335 0.001 0.001)
(0.00345 0.001 0.001)
(0.00355 0.001 0.001)
(0.00365 0.001 0.001)
(0.00375 0.001 0.001)
(0.00385 0.001 0.001)
(0.00395 0.001 0.001)
(0.00405 0.001 0.001)
(0.00415 0.001 0.001)
(0.00425 0.001 0.001)
(0.00435 0.001 0.001)
(0.00445 0.001 0.001)
(0.00455 0.001 0.001)
(0.00465 0.001 0.001)
(0.00475 0.001 0.001)
(0.00485 0.001 0.001)
(0.00495 0.001 0.001)
(0.00505 0.001 0.001)
(0.00515 0.001 0.001)
(0.00525 0.001 0.001)
(0.00535 0.001 0.001)
(0.00545 0.001 0.001)
(0.00555 0.001 0.001)
(0.00565 0.001 0.001)
(0.00575 0.001 0.001)
(0.00585 0.001 0.001)
(0.00595 0.001 0.001)
(0.00605 0.001 0.001)
(0.00615 0.001 0.001)
(0.00625 0.001 0.001)
(0.00635 0.001 0.001)
(0.00645 0.001 0.001)
(0.00655 0.001 0.001)
(0.00665 0.001 0.001)
(0.00675 0.001 0.001)
(0.00685 0.001 0.001)
(0.00695 0.001 0.001)
(0.00705 0.001 0.001)
(0.00715 0.001 0.001)
(0.00725 0.001 0.001)
(0.00735 0.001 0.001)
(0.00745 0.001 0.001)
(0.00755 0.001 0.001)
(0.00765 0.001 0.001)
(0.00775 0.001 0.001)
(0.00785 0.001 0.001)
(0.00795 0.001 0.001)
(0.00805 0.001 0.001)
(0.00815 0.001 0.001)
(0.00825 0.001 0.001)
(0.00835 0.001 0.001)
(0.00845 0.001 0.001)
(0.00855 0.001 0.001)
(0.00865 0.001 0.001)
(0.00875 0.001 0.001)
(0.00885 0.001 0.001)
(0.00895 0.001 0.001)
(0.00905 0.001 0.001)
(0.00915 0.001 0.001)
(0.00925 0.001 0.001)
(0.00935 0.001 0.001)
(0.00945 0.001 0.001)
(0.00955 0.001 0.001)
(0.00965 0.001 0.001)
(0.00975 0.001 0.001)
(0.00985 0.001 0.001)
(0.00995 0.001 0.001)
(0.01005 0.001 0.001)
(0.01015 0.001 0.001)
(0.01025 0.001 0.001)
(0.01035 0.001 0.001)
(0.01045 0.001 0.001)
(0.01055 0.001 0.001)
(0.01065 0.001 0.001)
(0.01075 0.001 0.001)
(0.01085 0.001 0.001)
(0.01095 0.001 0.001)
(0.01105 0.001 0.001)
(0.01115 0.001 0.001)
(0.01125 0.001 0.001)
(0.01135 0.001 0.001)
(0.01145 0.001 0.001)
(0.01155 0.001 0.001)
(0.01165 0.001 0.001)
(0.01175 0.001 0.001)
(0.01185 0.001 0.001)
(0.01195 0.001 0.001)
(0.01205 0.001 0.001)
(0.01215 0.001 0.001)
(0.01225 0.001 0.001)
(0.01235 0.001 0.001)
(0.01245 0.001 0.001)
(0.01255 0.001 0.001)
(0.01265 0.001 0.001)
(0.01275 0.001 0.001)
(0.01285 0.001 0.001)
(0.01295 0.001 0.001)
(0.01305 0.001 0.001)
(0.01315 0.001 0.001)
(0.01325 0.001 0.001)
(0.01335 0.001 0.001)
(0.01345 0.001 0.001)
(0.01355 0.001 0.001)
(0.01365 0.001 0.001)
(0.01375 0.001 0.001)
(0.01385 0.001 0.001)
(0.01395 0.001 0.001)
(0.01405 0.001 0.001)
(0.01415 0.001 0.001)
(0.01425 0.001 0.001)
(0.01435 0.001 0.001)
(0.01445 0.001 0.001)
(0.01455 0.001 0.001)
(0.01465 0.001 0.001)
(0.01475 0.001 0.001)
(0.01485 0.001 0.001)
(0.01495 0.001 0.001)
(0.01505 0.001 0.001)
(0.01515 0.001 0.001)
(0.01525 0.001 0.001)
(0.01535 0.001 0.001)
(0.01545 0.001 0.001)
(0.01555 0.001 0.001)
(0.01565 0.001 0.001)
(0.01575 0.001 0.001)
(0.01585 0.001 0.001)
(0.01595 0.001 0.001)
(0.01605 0.001 0.001)
(0.01615 0.001 0.001)
(0.01625 0.001 0.001)
(0.01635 0.001 0.001)
(0.01645 0.001 0.001)
(0.01655 0.001 0.001)
(0.01665 0.001 0.001)
(0.01675 0.001 0.001)
(0.01685 0.001 0.001)
(0.01695 0.001 0.001)
(0.01705 0.001 0.001)
(0.01715 0.001 0.001)
(0.01725 0.001 0.001)
(0.01735 0.001 0.001)
(0.01745 0.001 0.001)
(0.01755 0.001 0.001)
(0.01765 0.001 0.001)
(0.01775 0.001 0.001)
(0.01785 0.001 0.001)
(0.01795 0.001 0.001)
(0.01805 0.001 0.001)
(0.01815 0.001 0.001)
(0.01825 0.001 0.001)
(0.01835 0.001 0.001)
(0.01845 0.001 0.001)
(0.01855 0.001 0.001)
(0.01865 0.001 0.001)
(0.01875 0.001 0.001)
(0.01885 0.001 0.001)
(0.01895 0.001 0.001)
(0.01905 0.001 0.001)
(0.01915 0.001 0.001)
(0.01925 0.001 0.001)
(0.01935 0.001 0.001)
(0.01945 0.001 0.001)
(0.01955 0.001 0.001)
(0.01965 0.001 0.001)
(0.01975 0.001 0.001)
(0.01985 0.001 0.001)
(0.01995 0.001 0.001)
(0.02005 0.001 0.001)
(0.02015 0.001 0.001)
(0.02025 0.001 0.001)
(0.02035 0.001 0.001)
(0.02045 0.001 0.001)
(0.02055 0.001 0.001)
(0.02065 0.001 0.001)
(0.02075 0.001 0.001)
(0.02085 0.001 0.001)
(0.02095 0.001 0.001)
(0.02105 0.001 0.001)
(0.02115 0.001 0.001)
(0.02125 0.001 0.001)
(0.02135 0.001 0.001)
(0.02145 0.001 0.001)
(0.02155 0.001 0.001)
(0.02165 0.001 0.001)
(0.02175 0.001 0.001)
(0.02185 0.001 0.001)
(0.02195 0.001 0.001)
(0.02205 0.001 0.001)
(0.02215 0.001 0.001)
(0.02225 0.001 0.001)
(0.02235 0.001 0.001)
(0.02245 0.001 0.001)
(0.02255 0.001 0.001)
(0.02265 0.001 0.001)
(0.02275 0.001 0.001)
(0.02285 0.001 0.001)
(0.02295 0.001 0.001)
(0.02305 0.001 0.001)
(0.02315 0.001 0.001)
(0.02325 0.001 0.001)
(0.02335 0.001 0.001)
(0.02345 0.001 0.001)
(0.02355 0.001 0.001)
(0.02365 0.001 0.001)
(0.02375 0.001 0.001)
(0.02385 0.001 0.001)
(0.02395 0.001 0.001)
(0.02405 0.001 0.001)
(0.02415 0.001 0.001)
(0.02425 0.001 0.001)
(0.02435 0.001 0.001)
(0.02445 0.001 0.001)
(0.02455 0.001 0.001)
(0.02465 0.001 0.001)
(0.02475 0.001 0.001)
(0.02485 0.001 0.001)
(0.02495 0.001 0.001)
(0.02505 0.001 0.001)
(0.02515 0.001 0.001)
(0.02525 0.001 0.001)
(0.02535 0.001 0.001)
(0.02545 0.001 0.001)
(0.02555 0.001 0.001)
(0.02565 0.001 0.001)
(0.02575 0.001 0.001)
(0.02585 0.001 0.001)
(0.02595 0.001 0.001)
(0.02605 0.001 0.001)
(0.02615 0.001 0.001)
(0.02625 0.001 0.001)
(0.02635 0.001 0.001)
(0.02645 0.001 0.001)
(0.02655 0.001 0.001)
(0.02665 0.001 0.001)
(0.02675 0.001 0.001)
(0.02685 0.001 0.001)
(0.02695 0.001 0.001)
(0.02705 0.001 0.001)
(0.02715 0.001 0.001)
(0.02725 0.001 0.001)
(0.02735 0.001 0.001)
(0.02745 0.001 0.001)
(0.02755 0.001 0.001)
(0.02765 0.001 0.001)
(0.02775 0.001 0.001)
(0.02785 0.001 0.001)
(0.02795 0.001 0.001)
(0.02805 0.001 0.001)
(0.02815 0.001 0.001)
(0.02825 0.001 0.001)
(0.02835 0.001 0.001)
(0.02845 0.001 0.001)
(0.02855 0.001 0.001)
(0.02865 0.001 0.001)
(0.02875 0.001 0.001)
(0.02885 0.001 0.001)
(0.02895 0.001 0.001)
(0.02905 0.001 0.001)
(0.02915 0.001 0.001)
(0.02925 0.001 0.001)
(0.02935 0.001 0.001)
(0.02945 0.001 0.001)
(0.02955 0.001 0.001)
(0.02965 0.001 0.001)
(0.02975 0.001 0.001)
(0.02985 0.001 0.001)
(0.02995 0.001 0.001)
(0.03005 0.001 0.001)
(0.03015 0.001 0.001)
(0.03025 0.001 0.001)
(0.03035 0.001 0.001)
(0.03045 0.001 0.001)
(0.03055 0.001 0.001)
(0.03065 0.001 0.001)
(0.03075 0.001 0.001)
(0.03085 0.001 0.001)
(0.03095 0.001 0.001)
(0.03105 0.001 0.001)
(0.03115 0.001 0.001)
(0.03125 0.001 0.001)
(0.03135 0.001 0.001)
(0.03145 0.001 0.001)
(0.03155 0.001 0.001)
(0.03165 0.001 0.001)
(0.03175 0.001 0.001)
(0.03185 0.001 0.001)
(0.03195 0.001 0.001)
(0.03205 0.001 0.001)
(0.03215 0.001 0.001)
(0.03225 0.001 0.001)
(0.03235 0.001 0.001)
(0.03245 0.001 0.001)
(0.03255 0.001 0.001)
(0.03265 0.001 0.001)
(0.03275 0.001 0.001)
(0.03285 0.001 0.001)
(0.03295 0.001 0.001)
(0.03305 0.001 0.001)
(0.03315 0.001 0.001)
(0.03325 0.001 0.001)
(0.03335 0.001 0.001)
(0.03345 0.001 0.001)
(0.03355 0.001 0.001)
(0.03365 0.001 0.001)
(0.03375 0.001 0.001)
(0.03385 0.001 0.001)
(0.03395 0.001 0.001)
(0.03405 0.001 0.001)
(0.03415 0.001 0.001)
(0.03425 0.001 0.001)
(0.03435 0.001 0.001)
(0.03445 0.001 0.001)
(0.03455 0.001 0.001)
(0.03465 0.001 0.001)
(0.03475 0.001 0.001)
(0.03485 0.001 0.001)
(0.03495 0.001 0.001)
(0.03505 0.001 0.001)
(0.03515 0.001 0.001)
(0.03525 0.001 0.001)
(0.03535 0.001 0.001)
(0.03545 0.001 0.001)
(0.03555 0.001 0.001)
(0.03565 0.001 0.001)
(0.03575 0.001 0.001)
(0.03585 0.001 0.001)
(0.03595 0.001 0.001)
(0.03605 0.001 0.001)
(0.03615 0.001 0.001)
(0.03625 0.001 0.001)
(0.03635 0.001 0.001)
(0.03645 0.001 0.001)
(0.03655 0.001 0.001)
(0.03665 0.001 0.001)
(0.03675 0.001 0.001)
(0.03685 0.001 0.001)
(0.03695 0.001 0.001)
(0.03705 0.001 0.001)
(0.03715 0.001 0.001)
(0.03725 0.001 0.001)
(0.03735 0.001 0.001)
(0.03745 0.001 0.001)
(0.03755 0.001 0.001)
(0.03765 0.001 0.001)
(0.03775 0.001 0.001)
(0.03785 0.001 0.001)
(0.03795 0.001 0.001)
(0.03805 0.001 0.001)
(0.03815 0.001 0.001)
(0.03825 0.001 0.001)
(0.03835 0.001 0.001)
(0.03845 0.001 0.001)
(0.03855 0.001 0.001)
(0.03865 0.001 0.001)
(0.03875 0.001 0.001)
(0.03885 0.001 0.001)
(0.03895 0.001 0.001)
(0.03905 0.001 0.001)
(0.03915 0.001 0.001)
(0.03925 0.001 0.001)
(0.03935 0.001 0.001)
(0.03945 0.001 0.001)
(0.03955 0.001 0.001)
(0.03965 0.001 0.001)
(0.03975 0.001 0.001)
(0.03985 0.001 0.001)
(0.03995 0.001 0.001)
(0.04005 0.001 0.001)
(0.04015 0.001 0.001)
(0.04025 0.001 0.001)
(0.04035 0.001 0.001)
(0.04045 0.001 0.001)
(0.04055 0.001 0.001)
(0.04065 0.001 0.001)
(0.04075 0.001 0.001)
(0.04085 0.001 0.001)
(0.04095 0.001 0.001)
(0.04105 0.001 0.001)
(0.04115 0.001 0.001)
(0.04125 0.001 0.001)
(0.04135 0.001 0.001)
(0.04145 0.001 0.001)
(0.04155 0.001 0.001)
(0.04165 0.001 0.001)
(0.04175 0.001 0.001)
(0.04185 0.001 0.001)
(0.04195 0.001 0.001)
(0.04205 0.001 0.001)
(0.04215 0.001 0.001)
(0.04225 0.001 0.001)
(0.04235 0.001 0.001)
(0.04245 0.001 0.001)
(0.04255 0.001 0.001)
(0.04265 0.001 0.001)
(0.04275 0.001 0.001)
(0.04285 0.001 0.001)
(0.04295 0.001 0.001)
(0.04305 0.001 0.001)
(0.04315 0.001 0.001)
(0.04325 0.001 0.001)
(0.04335 0.001 0.001)
(0.04345 0.001 0.001)
(0.04355 0.001 0.001)
(0.04365 0.001 0.001)
(0.04375 0.001 0.001)
(0.04385 0.001 0.001)
(0.04395 0.001 0.001)
(0.04405 0.001 0.001)
(0.04415 0.001 0.001)
(0.04425 0.001 0.001)
(0.04435 0.001 0.001)
(0.04445 0.001 0.001)
(0.04455 0.001 0.001)
(0.04465 0.001 0.001)
(0.04475 0.001 0.001)
(0.04485 0.001 0.001)
(0.04495 0.001 0.001)
(0.04505 0.001 0.001)
(0.04515 0.001 0.001)
(0.04525 0.001 0.001)
(0.04535 0.001 0.001)
(0.04545 0.001 0.001)
(0.04555 0.001 0.001)
(0.04565 0.001 0.001)
(0.04575 0.001 0.001)
(0.04585 0.001 0.001)
(0.04595 0.001 0.001)
(0.04605 0.001 0.001)
(0.04615 0.001 0.001)
(0.04625 0.001 0.001)
(0.04635 0.001 0.001)
(0.04645 0.001 0.001)
(0.04655 0.001 0.001)
(0.04665 0.001 0.001)
(0.04675 0.001 0.001)
(0.04685 0.001 0.001)
(0.04695 0.001 0.001)
(0.04705 0.001 0.001)
(0.04715 0.001 0.001)
(0.04725 0.001 0.001)
(0.04735 0.001 0.001)
(0.04745 0.001 0.001)
(0.04755 0.001 0.001)
(0.04765 0.001 0.001)
(0.04775 0.001 0.001)
(0.04785 0.001 0.001)
(0.04795 0.001 0.001)
(0.04805 0.001 0.001)
(0.04815 0.001 0.001)
(0.04825 0.001 0.001)
(0.04835 0.001 0.001)
(0.04845 0.001 0.001)
(0.04855 0.001 0.001)
(0.04865 0.001 0.001)
(0.04875 0.001 0.001)
(0.04885 0.001 0.001)
(0.04895 0.001 0.001)
(0.04905 0.001 0.001)
(0.04915 0.001 0.001)
(0.04925 0.001 0.001)
(0.04935 0.001 0.001)
(0.04945 0.001 0.001)
(0.04955 0.001 0.001)
(0.04965 0.001 0.001)
(0.04975 0.001 0.001)
(0.04985 0.001 0.001)
(0.04995 0.001 0.001)
(0.05005 0.001 0.001)
)


// ************************************************************************* //
